0 0 0
1 40 352
2 40 942
2 63 524
2 273 491
4 105 565
5 105 565
7 464 392
8 40 437
8 68 421
8 242 261
9 237 1169
9 265 1153
10 237 1172
10 265 1156
11 40 1018
12 63 399
13 40 165
14 40 168
15 40 168
17 50 1147
17 78 1131
17 236 1148
18 264 1136
18 276 1139
19 172 1044
19 195 420
21 87 716
21 93 358
22 46 169
23 40 530
23 46 172
24 40 530
24 46 172
25 40 10538
25 46 10100
26 264 1247
26 305 1341
27 274 1102
27 302 1086
28 40 329
29 68 310
31 55 1207
31 83 1191
31 241 1207
31 269 1191
31 281 1196
32 55 1211
32 83 1195
32 272 1451
34 292 1215
35 250 1191
35 278 1175
36 250 1191
36 278 1175
37 0 5
41 249 1208
41 263 1267
41 277 1192
41 475 1137
41 503 1121
42 63 1211
42 91 1195
42 269 1251
42 289 1200
43 40 2419
44 63 2004
45 515 397
46 24 89
48 257 1346
49 226 1112
49 254 1096
49 266 1101
50 61 325
51 298 1295
52 72 1311
52 100 1295
52 256 1271
52 284 1255
53 71 632
53 318 397
54 257 4307
54 285 4291
54 338 4820
54 443 4307
54 471 4291
54 483 4296
56 40 388
57 40 391
57 80 379
58 80 379
59 487 1328
59 528 1422
60 487 1332
60 528 1426
61 53 246
62 61 249
64 235 1107
65 51 1150
65 79 1134
65 275 1100
66 40 348
66 68 331
67 68 334
68 68 334
69 68 334
70 45 506
71 381 1119
71 591 1088
71 678 915
72 358 1542
72 381 1124
76 67 568
76 73 208
78 133 966
78 139 609
80 395 2359
80 404 1824
81 40 2676
81 63 2258
85 128 728
85 134 371
86 128 4727
86 134 4370
87 128 731
87 134 374
88 40 937
88 63 519
89 63 522
89 996 1519
90 63 522
90 996 1519
91 404 1418
91 432 1402
91 455 1179
91 483 1163
91 630 1407
92 404 1422
92 432 1406
92 455 1183
92 483 1167
92 630 1411
93 404 1422
93 432 1406
93 455 1183
93 483 1167
93 630 1411
94 40 2396
94 63 1979
96 63 20498
97 496 633
98 63 1503
99 40 1926
99 546 1505
100 40 1927
100 546 1506
102 40 366
102 68 350
103 85 1347
103 113 1331
103 276 1387
103 297 1293
103 304 1371
103 309 1297
104 85 1351
104 113 1335
104 297 1297
104 309 1301
105 85 1350
105 113 1334
105 297 1296
105 309 1300
106 76 1267
106 104 1251
106 260 1227
106 288 1211
107 302 1259
108 71 677
108 267 456
109 51 1167
109 79 1151
109 257 1207
109 277 1156
110 40 1018
110 63 397
112 264 1133
112 276 1136
113 262 588
113 472 557
114 56 20221
114 87 713
114 319 777
115 40 527
115 46 169
116 223 1337
116 251 1321
116 274 1098
116 302 1082
116 449 1326
118 52 571
118 58 214
119 261 1247
119 281 1196
120 68 246
121 66 1226
121 94 1210
121 278 1172
121 290 1176
122 0 5
123 63 1208
123 91 1192
123 263 1267
123 269 1248
123 289 1197
123 293 1196
124 40 2419
125 362 369
125 390 353
126 24 88
127 40 1106
127 68 1090
129 72 1308
129 100 1292
129 256 1268
129 284 1252
130 40 387
130 68 371
131 361 4399
132 34 170
133 40 388
133 68 372
134 446 1418
134 474 1402
134 497 1177
134 525 1161
136 51 1147
136 79 1131
136 235 1107
136 263 1091
137 40 347
139 381 1119
139 591 1088
139 678 915
140 40 326
140 68 310
141 133 966
141 139 609
142 372 2780
142 381 2242
142 887 1821
143 40 2677
143 63 2258
144 40 2697
144 63 2279
144 148 2609
147 40 937
147 63 519
147 273 486
148 445 1328
148 486 1422
150 392 718
150 496 630
151 40 1923
151 63 1504
151 546 1502
152 40 2484
152 63 2065
152 546 2063
153 257 433
154 269 1307
155 302 1256
159 0 5
161 254 1092
161 266 1095
164 53 245
165 40 348
165 68 331
166 40 326
169 128 728
169 134 371
170 40 937
170 63 519
172 40 1018
173 40 165
174 40 527
174 46 170
175 0 5
176 226 1108
176 254 1092
177 68 372
177 80 376
178 40 348
178 68 332
179 68 310
180 40 916
181 40 1116
181 63 699
181 496 630
182 63 396
184 40 527
184 46 170
188 40 326
189 63 497
190 40 1018
190 63 396
195 40 348
195 68 331
195 108 1109
196 68 310
197 63 497
199 80 376
200 68 332
201 40 326
201 68 310
203 40 387
203 68 371
203 80 376
204 40 348
204 68 332
205 71 566
206 40 1916
206 63 1497
207 40 1936
207 63 1518
207 273 1487
208 71 677
208 267 458
209 40 1018
209 63 396
210 40 165
211 46 169
212 68 305
213 68 246
216 40 388
216 80 376
217 40 917
218 40 937
218 63 518
218 273 486
219 40 439
219 68 423
219 242 261
220 63 396
221 40 165
222 40 527
222 46 169
225 0 7
226 24 20090
227 40 388
227 68 372
228 40 917
229 63 517
231 279 461
232 78 10102
233 68 315
235 40 430
235 68 414
236 40 168
237 232 772
237 238 415
240 491 10206
243 255 522
243 465 491
244 63 501
246 1 13
247 491 10211
248 78 10099
249 255 522
250 40 920
251 51 1172
251 79 1156
251 257 1212
251 277 1161
253 420 2637
253 443 2220
254 995 753
255 56 20226
255 319 782
256 223 1343
256 251 1327
256 264 1253
256 305 1347
256 449 1332
257 40 334
258 241 1213
258 269 1197
258 281 1202
259 66 1231
259 94 1215
259 290 1181
260 249 1213
260 263 1272
260 277 1197
260 475 1142
260 503 1126
261 40 2425
263 41 1023
264 64 400
265 40 1112
265 68 1096
265 257 1352
268 298 1300
269 257 4312
269 285 4296
269 361 4404
269 443 4312
269 471 4296
269 483 4301
270 40 393
270 68 377
271 446 1424
271 474 1408
271 497 1183
271 525 1167
272 53 250
273 376 529
274 235 1112
274 263 1096
275 108 1112
275 318 1081
276 381 1124
276 591 1093
276 678 920
277 105 570
278 67 573
278 73 213
279 372 2783
279 404 1827
280 40 2681
280 63 2263
281 40 921
281 63 501
284 40 942
284 63 524
284 273 491
285 445 1334
285 486 1428
286 40 2402
286 63 1985
287 40 1121
287 63 704
288 63 1508
289 40 2487
289 63 2068
289 546 2066
290 269 1313
291 76 1272
291 104 1256
291 260 1232
291 288 1216
292 237 1172
292 265 1156
294 264 1136
294 276 1139
296 87 716
296 93 358
298 274 1102
298 302 1086
299 40 334
300 250 1191
300 278 1175
301 0 5
302 63 1211
302 91 1195
302 269 1251
302 289 1200
303 63 2003
305 226 1112
305 254 1096
305 266 1101
307 72 1311
307 100 1295
307 256 1271
307 284 1255
308 68 377
309 487 1332
309 528 1426
310 53 250
311 51 1150
311 79 1134
311 275 1100
312 40 352
313 40 331
313 68 315
317 291 10350
318 404 1421
318 432 1405
318 455 1182
318 483 1166
318 630 1410
320 40 1926
320 546 1505
321 85 1351
321 113 1335
321 297 1297
321 309 1301
322 302 1260
323 237 1172
323 265 1156
324 40 1023
325 40 168
327 87 716
327 93 358
329 274 1102
329 302 1086
330 40 334
331 250 1191
331 278 1175
333 226 1112
333 254 1096
333 266 1101
334 72 1311
334 100 1295
334 256 1271
334 284 1255
335 68 377
336 53 251
337 51 1150
337 79 1134
337 275 1100
338 40 352
339 40 331
339 68 315
341 40 921
343 445 1334
343 486 1428
344 40 1023
346 87 716
346 93 358
347 40 334
348 250 1191
348 278 1175
349 0 5
350 24 93
351 226 1112
351 254 1096
351 266 1101
352 68 377
353 61 249
354 40 352
355 40 331
355 68 315
357 40 921
358 40 942
358 63 524
358 273 491
359 40 1023
361 87 716
361 93 358
363 40 334
364 0 10
365 24 93
366 61 249
367 40 331
367 68 315
369 63 501
370 40 942
370 63 524
370 273 491
371 40 1121
371 63 704
372 496 633
373 40 1023
376 0 5
377 68 377
379 40 352
380 40 331
380 68 315
382 63 501
383 63 522
383 996 1519
384 40 1023
384 63 399
387 0 10
388 24 93
389 68 377
391 40 352
392 40 331
392 68 315
393 63 522
393 996 1519
394 40 1023
397 68 377
398 40 331
398 68 315
399 133 971
399 139 614
400 40 942
400 63 524
400 273 491
401 40 1023
405 68 377
406 40 352
407 40 331
407 68 315
408 40 920
409 40 942
409 63 524
409 273 491
410 40 1023
413 0 10
414 80 381
415 40 352
416 40 331
416 68 315
417 40 942
417 63 524
417 273 491
420 40 393
420 68 377
421 40 331
422 63 501
423 63 522
423 996 1519
424 51 1172
424 79 1156
424 257 1212
424 277 1161
425 40 1023
427 50 1152
427 78 1136
427 236 1153
429 56 20226
429 319 782
430 223 1343
430 251 1327
430 264 1253
430 305 1347
430 449 1332
431 241 1213
431 269 1197
431 281 1202
432 66 1231
432 94 1215
432 290 1181
433 249 1213
433 263 1272
433 277 1197
433 475 1142
433 503 1126
434 40 2425
435 24 93
436 37 10090
437 40 1112
437 68 1096
437 257 1352
439 298 1300
440 257 4312
440 285 4296
440 361 4404
440 443 4312
440 471 4296
440 483 4301
441 338 4823
442 40 393
442 68 377
443 53 250
444 376 529
444 586 498
445 235 1112
445 263 1096
446 108 1112
446 318 1081
447 358 1542
447 381 1124
448 105 570
449 67 573
449 73 213
450 372 2783
450 404 1827
451 40 2681
451 63 2263
452 40 921
453 888 1433
455 445 1334
455 486 1428
456 40 2402
456 63 1985
457 40 1121
457 63 704
458 63 1508
459 40 2487
459 63 2068
459 546 2066
460 76 1272
460 104 1256
460 260 1232
460 288 1216
461 40 1023
464 68 310
465 66 1231
465 94 1215
465 290 1181
468 254 1098
468 266 1101
469 40 1112
469 68 1096
469 226 1113
470 40 393
470 68 377
472 40 331
474 40 942
474 63 524
474 273 491
475 445 1334
475 486 1428
476 63 1509
477 40 2823
478 269 1312
479 40 1023
482 68 310
483 66 1231
483 94 1215
483 290 1181
484 0 10
486 254 1098
486 266 1101
487 68 376
487 80 379
491 40 942
491 63 524
491 273 491
492 445 1334
492 486 1428
493 63 1509
494 40 2487
494 63 2068
494 546 2066
495 51 1172
495 79 1156
495 257 1212
495 277 1161
495 281 1160
496 63 401
497 71 370
498 66 1231
498 94 1215
498 290 1181
499 0 10
500 254 1098
500 266 1101
501 68 376
501 80 379
502 108 1112
502 248 393
504 40 942
504 63 524
504 273 491
505 63 1509
506 63 401
509 40 1111
509 68 1095
509 226 1113
510 68 376
510 80 379
511 108 1112
511 248 393
513 40 942
513 63 524
513 273 491
514 63 400
517 0 10
518 108 1112
518 248 393
520 40 942
520 63 524
520 273 491
521 63 399
524 0 10
526 63 522
526 996 1519
528 0 5
529 108 1112
529 248 393
530 40 329
531 63 522
531 996 1519
532 40 1023
532 63 399
534 0 10
535 40 391
535 68 375
536 108 1112
536 248 393
537 63 522
537 996 1519
540 0 10
541 80 381
542 40 352
543 63 522
543 996 1519
544 63 400
545 40 168
547 0 10
548 40 391
548 68 375
549 40 352
550 63 522
550 996 1519
551 51 1172
551 79 1156
551 257 1212
551 277 1161
552 40 1023
554 50 1152
554 78 1136
554 236 1153
555 56 20226
555 319 782
557 55 1210
557 83 1194
557 272 1450
558 66 1231
558 94 1215
558 290 1181
559 40 2425
560 24 93
561 40 1112
561 68 1096
561 257 1352
562 40 393
562 68 377
563 235 1112
563 263 1096
564 105 570
565 97 570
567 40 2681
567 63 2263
568 40 920
568 63 501
570 63 1508
572 0 10
573 40 391
573 68 375
574 40 352
575 237 1172
575 265 1156
576 71 370
577 0 10
578 40 391
579 108 1112
579 248 393
580 40 940
580 63 522
581 71 370
582 40 352
583 46 172
584 40 352
585 71 370
587 40 352
589 40 391
590 40 352
591 71 370
592 40 352
595 40 391
595 68 375
596 108 1112
596 318 1081
597 40 530
597 46 173
598 0 10
599 71 591
600 0 10
601 40 391
601 68 375
602 40 1023
603 50 1152
603 78 1136
603 236 1153
605 0 10
606 40 2425
607 24 93
608 226 1112
608 254 1096
608 266 1101
609 40 393
609 68 377
609 245 376
610 53 250
611 40 331
611 68 315
613 128 731
613 134 374
614 40 942
614 63 524
614 273 491
615 40 1121
615 63 704
615 496 633
616 40 11922
616 546 11501
618 68 376
618 80 379
619 68 334
620 71 591
622 56 20226
622 319 782
624 0 10
625 63 2003
626 24 93
627 226 1112
627 254 1096
627 266 1101
628 53 250
629 40 352
630 40 331
630 68 315
631 67 573
631 73 213
633 496 633
634 40 1023
637 0 10
638 24 93
639 40 393
639 68 377
639 245 376
640 53 250
641 40 331
641 68 315
642 67 573
642 73 213
643 175 420
644 40 942
644 63 524
644 273 491
645 40 1121
645 63 704
645 496 633
646 40 1023
648 56 20226
648 319 782
650 40 334
651 24 93
652 40 393
652 68 377
652 245 376
653 40 352
654 67 573
654 73 213
656 40 1121
656 63 704
658 0 5
659 24 93
660 40 393
660 68 377
660 245 376
661 53 251
662 67 573
662 73 213
664 40 921
665 40 942
665 63 524
665 273 491
666 496 633
667 40 1023
669 56 20226
669 319 782
671 40 334
673 68 376
673 80 379
674 53 250
675 40 331
678 40 920
678 63 502
679 496 633
681 417 416
682 389 434
682 417 418
683 389 430
685 237 11168
685 265 11152
688 264 11132
688 276 11135
689 87 10712
689 93 10354
691 274 11097
691 302 11081
692 55 11206
692 83 11190
692 272 11446
693 250 11187
693 278 11171
695 63 11207
695 91 11191
695 269 11247
695 289 11196
696 63 11999
698 226 11107
698 254 11091
698 266 11096
699 72 11307
699 100 11291
699 256 11267
699 284 11251
700 338 14819
701 40 10389
701 68 10373
701 245 10372
702 487 11327
702 528 11421
703 61 10245
704 51 11146
704 79 11130
704 275 11096
705 108 11108
705 248 10389
706 358 11538
706 381 11120
707 97 10566
708 68 10311
711 372 12779
711 404 11823
713 40 10917
714 128 10727
714 134 10370
715 63 10518
715 996 11515
716 404 11417
716 432 11401
716 455 11178
716 483 11162
716 630 11406
718 40 11117
718 63 10700
718 496 10629
719 40 11922
719 546 11501
720 40 12483
720 63 12064
720 546 12062
721 85 11346
721 113 11330
721 297 11292
721 309 11296
722 302 11255
723 71 10676
723 242 10260
724 237 11168
724 265 11152
725 63 1396
726 40 10166
727 45 20506
728 264 11132
728 276 11135
730 41 11019
730 64 10395
731 66 10396
732 63 10400
733 64 10396
734 347 10518
734 557 10487
735 82 10400
736 40 10917
736 63 10497
737 87 10712
737 93 10354
739 144 30252
739 175 10742
739 181 10385
740 274 11107
740 302 11091
741 44 10387
741 72 10371
742 68 10306
743 52 10567
743 58 10210
744 55 11206
744 83 11190
744 272 11446
745 68 10245
747 250 11187
747 278 11171
750 63 11207
750 91 11191
750 269 11247
750 289 11196
751 905 11538
751 928 11120
752 63 11999
755 363 20269
761 226 11107
761 254 11091
761 266 11096
762 280 10416
763 40 10325
764 40 10325
765 111 10164
767 72 11307
767 100 11291
767 256 11267
767 284 11251
770 46 10090
771 114 10306
774 73 10387
774 101 10371
775 289 11108
775 499 11077
776 42 10397
776 70 10381
777 34 10170
778 52 11019
778 75 10395
779 40 10387
779 68 10371
780 233 20437
780 261 20421
780 460 20456
781 41 10387
781 69 10371
783 10 10046
784 69 10289
785 61 10245
786 203 10554
788 289 11108
788 499 11077
789 51 11146
789 79 11130
789 275 11096
790 71 10587
792 201 10566
793 358 1539
793 381 1121
794 68 10321
795 387 10436
799 40 12700
799 63 12282
800 63 10497
801 175 10416
802 63 10518
802 996 11515
803 404 11427
803 432 11411
803 455 11188
803 483 11172
803 630 11416
805 40 11117
805 63 10700
805 496 10629
806 40 11922
806 546 11501
807 69 10173
807 98 10375
808 40 12483
808 63 12064
808 546 12062
809 0 10006
810 2 10006
811 12 10056
812 75 30302
812 106 10792
812 112 10435
813 85 11346
813 113 11330
813 297 11292
813 309 11296
814 398 11117
814 421 10700
814 854 10629
815 43 10526
815 49 10169
816 68 10382
816 80 10385
817 302 11255
818 71 10676
818 242 10260
819 40 2019
819 63 1395
821 45 20506
823 41 11019
824 43 11019
825 40 11023
826 41 11019
826 64 10395
827 347 10518
828 59 11023
829 40 10916
829 63 10499
830 87 10712
830 93 10354
831 46 10168
832 181 10384
833 84 10377
834 68 10306
835 52 10567
835 58 10210
836 68 10245
838 250 11197
838 278 11181
839 0 10006
840 40 10164
841 905 11538
841 928 11120
842 12 10046
843 362 371
843 390 355
844 357 10528
846 37 10100
847 14 10086
848 63 10164
849 78 10099
850 233 10727
850 239 10370
851 68 10311
852 40 10327
852 68 10311
853 49 10006
855 49 10572
855 55 10214
855 62 10210
856 24 10089
858 86 10330
858 114 10306
859 58 10166
860 32 10089
861 113 10377
862 221 10349
862 289 11111
862 429 10389
863 82 10387
864 34 10170
865 52 11019
866 80 10375
867 233 20437
867 261 20421
867 460 20456
868 81 10377
869 54 10566
869 60 10209
871 32 10100
872 61 10245
873 166 30422
873 197 10914
873 376 10558
873 586 10527
875 221 10349
875 289 11110
875 429 10389
876 71 10587
878 201 10566
879 358 11538
879 381 11120
880 40 10337
880 356 10316
881 364 11059
884 40 10927
884 63 10507
885 128 10727
885 134 10370
886 63 10518
886 996 11515
887 40 11117
887 63 10700
887 496 10629
888 58 10392
889 0 10006
890 2 10006
891 12 10056
892 329 10638
892 539 10607
893 398 11117
893 421 10700
896 71 10676
896 242 10260
897 40 11017
898 40 10164
899 46 10168
900 52 10567
900 58 10210
901 68 248
902 0 10006
904 34 10170
905 80 10375
906 61 10245
910 175 10416
912 40 10438
912 68 10422
912 242 10260
913 40 11017
914 40 10164
916 52 10567
916 58 10210
918 0 10006
920 34 10170
922 61 40245
926 128 10727
926 134 10370
927 71 10676
927 267 10457
928 40 11017
929 40 10164
930 68 10245
931 0 10006
936 128 10727
936 134 10370
937 71 10676
937 242 10260
938 63 1396
939 40 10164
941 68 10245
942 0 10006
944 40 10387
945 40 10335
946 128 10727
946 134 10370
947 71 10676
947 242 10260
949 46 10168
950 0 10006
954 40 10164
956 0 10010
959 40 10325
961 0 10006
964 40 10526
964 46 10169
965 0 10006
967 237 11168
967 265 11152
970 264 11132
970 276 11135
971 87 10712
971 93 10354
973 250 11187
973 278 11171
975 63 11207
975 91 11191
975 269 11247
975 289 11196
976 63 11999
978 226 11107
978 254 11091
978 266 11096
979 72 11307
979 100 11291
979 256 11267
979 284 11251
980 338 14819
981 40 10389
981 68 10373
981 245 10372
982 487 11327
982 528 11421
983 61 10245
984 51 11146
984 79 11130
984 275 11096
985 108 11108
985 248 10389
986 358 11538
986 381 11120
987 97 10566
988 68 10311
990 372 12779
990 404 11823
992 40 10916
993 128 10727
993 134 10370
994 63 10518
994 996 11515
995 404 11417
995 432 11401
995 455 11178
995 483 11162
995 630 11406
997 40 11117
997 63 10700
997 496 10629
998 40 11922
998 546 11501
999 40 12483
999 63 12064
999 546 12062
1000 85 11346
1000 113 11330
1000 297 11292
1000 309 11296
1001 302 11255
1003 40 10164
1004 40 10526
1004 46 10169
1005 0 10006
1006 40 11107
1006 68 11091
1006 226 11108
1008 40 10164
1010 40 10164
1011 40 10164
1012 40 10164
1013 237 11168
1013 265 11152
1016 87 10712
1016 93 10354
1017 71 10366
1018 250 11187
1018 278 11171
1020 63 11999
1022 226 11107
1022 254 11091
1022 266 11096
1023 40 10389
1023 68 10373
1023 245 10372
1024 61 10245
1025 51 11146
1025 79 11130
1025 275 11096
1026 108 11108
1026 248 10389
1027 358 11538
1027 381 11120
1028 68 10311
1030 40 10917
1031 128 10727
1031 134 10370
1032 63 10518
1032 996 11515
1033 496 10629
1035 40 10526
1035 46 10169
1036 0 10006
1039 0 10006
1042 0 10006
1048 71 10366
1049 250 11187
1049 278 11171
1050 0 10006
1051 63 11999
1053 226 11107
1053 254 11091
1053 266 11096
1054 40 10389
1054 68 10373
1054 245 10372
1055 61 10245
1056 358 11538
1056 381 11120
1057 68 10311
1060 63 10518
1060 996 11515
1061 52 10567
1061 58 10210
1062 93 10288
1064 40 10164
1065 40 10526
1065 46 10169
1068 40 10387
1068 68 10371
1069 61 10245
1070 68 10311
1072 63 10518
1072 996 11515
1074 40 10164
1075 40 10526
1075 46 10169
1077 40 10387
1077 68 10371
1078 61 10245
1079 68 10311
1081 63 10518
1081 996 11515
1083 40 10164
1084 40 10526
1084 46 10169
1085 0 10006
1086 40 10387
1086 68 10371
1087 61 10245
1090 40 10164
1091 40 10526
1091 46 10169
1092 0 10006
1093 61 10245
1095 40 10164
1096 40 10526
1096 46 10169
1097 0 10006
1098 61 10245
1099 40 40164
1101 274 11097
1101 302 11081
1103 63 11999
1104 226 11107
1104 254 11091
1104 266 11096
1105 61 40245
1106 108 11108
1106 248 10389
1107 40 10916
1107 63 10498
1108 40 11922
1108 546 11501
1109 63 2003
1111 40 1926
1111 546 1505
1113 56 20226
1113 319 782
1115 0 10
1116 24 93
1117 40 393
1117 68 377
1118 53 250
1119 40 352
1120 40 331
1120 68 315
1121 40 921
1122 40 942
1122 63 524
1122 273 491
1123 40 1121
1123 63 704
1124 628 250
1124 636 249
1125 220 892
1125 248 876
1126 40 170
1129 45 511
1131 96 381
1132 63 10502
1136 221 1347
1136 249 1331
1137 45 511
1138 96 381
1139 56 393
1139 84 377
1139 261 376
1140 40 10921
1141 40 334
1141 112 310
1143 279 456
1144 40 532
1145 1 10
1146 41 1021
1148 40 920
1149 80 379
1150 40 921
1151 40 334
1151 112 310
1152 40 168
1154 46 172
1158 40 920
1159 40 921
1160 68 318
1160 112 310
1162 40 921
1162 63 501
1163 41 1023
1163 64 399
1164 64 400
1166 40 10927
1166 63 10507
1166 561 10501
1 68 335
2 63 523
2 996 1520
3 464 393
4 97 566
5 97 566
6 464 393
8 71 676
8 267 457
9 51 1168
9 79 1152
9 257 1208
9 277 1157
9 281 1156
10 51 1171
10 79 1155
10 257 1211
10 277 1160
11 63 396
12 40 1022
16 40 169
17 264 1132
17 276 1135
18 50 1151
18 78 1135
18 236 1152
20 56 20222
20 87 712
20 93 355
21 56 20225
21 319 781
22 40 528
26 223 1338
26 251 1322
26 274 1097
26 302 1081
27 223 1342
27 251 1326
27 264 1252
27 305 1346
27 449 1331
28 68 306
29 40 333
30 52 567
30 58 210
31 272 1446
32 241 1212
32 269 1196
32 281 1201
33 68 245
34 66 1227
34 94 1211
34 250 1187
34 278 1171
35 66 1230
35 94 1214
35 290 1180
36 66 1230
36 94 1214
36 290 1180
38 0 9
39 0 4
40 0 9
41 63 1207
41 91 1191
41 269 1247
41 289 1196
42 249 1212
42 263 1271
42 277 1196
42 475 1141
42 503 1125
43 63 1999
44 40 2424
45 362 370
45 390 354
47 24 92
48 40 1107
48 68 1091
48 226 1107
48 254 1091
48 266 1096
49 40 1111
49 68 1095
49 257 1351
51 72 1307
51 100 1291
51 256 1267
51 284 1251
52 298 1299
53 40 386
53 68 370
54 361 4400
55 34 170
56 68 372
56 80 375
57 68 376
58 40 392
58 68 376
59 446 1419
59 474 1403
59 497 1178
59 525 1162
60 446 1423
60 474 1407
60 497 1182
60 525 1166
62 53 250
63 53 249
64 51 1146
64 79 1130
64 263 1092
64 275 1096
65 235 1111
65 263 1095
66 108 1110
67 40 351
68 40 351
69 40 351
71 358 1538
71 381 1120
72 381 1123
72 591 1092
72 678 919
73 40 327
73 68 311
74 40 330
74 68 314
75 40 330
75 68 314
77 67 572
77 73 212
79 133 970
79 139 613
80 372 2779
80 381 2243
80 887 1822
82 40 2680
82 63 2262
83 40 2696
83 63 2278
84 40 917
84 63 498
85 175 416
88 63 518
88 273 487
88 996 1515
89 40 941
89 63 523
89 273 490
90 40 941
90 63 523
90 273 490
91 445 1329
91 486 1423
92 445 1333
92 486 1427
93 445 1333
93 486 1427
95 40 2401
95 63 1984
96 40 1117
96 63 700
96 496 629
97 40 1120
97 63 703
98 40 1922
98 546 1501
99 63 1507
100 63 1508
101 40 2483
101 63 2064
101 546 2062
103 269 1308
103 318 1415
104 269 1312
105 269 1311
106 302 1255
107 76 1271
107 104 1255
107 260 1231
107 288 1215
108 40 438
108 68 422
108 242 260
109 237 1168
109 265 1152
111 40 166
112 50 1148
112 78 1132
112 236 1149
113 172 11044
113 195 10420
113 239 1007
113 262 589
114 93 354
116 264 1248
116 305 1342
117 40 330
117 68 306
118 93 288
119 55 1206
119 83 1190
121 250 1187
123 249 1209
123 277 1193
123 305 1295
123 475 1138
123 503 1122
124 63 1999
125 515 398
127 246 1147
127 266 1096
128 61 326
129 298 1296
130 71 631
131 257 4308
131 285 4292
131 338 4819
131 443 4308
131 471 4292
131 483 4297
133 80 377
134 487 1327
134 528 1421
135 53 246
135 61 245
136 277 1135
137 68 330
138 45 507
139 358 1538
139 381 1120
142 395 2360
142 404 1823
145 40 917
145 63 497
146 128 727
146 134 370
147 63 518
148 404 1417
148 432 1401
148 455 1178
148 483 1162
148 630 1406
149 40 2397
149 63 1980
150 40 1117
150 63 700
152 40 2819
153 40 365
153 68 349
154 85 1346
154 113 1330
154 297 1292
154 309 1296
155 76 1268
155 104 1252
155 260 1228
155 288 1212
156 40 1019
156 63 395
157 40 164
158 40 528
158 46 168
160 24 90
161 40 1107
161 68 1091
161 226 1108
162 61 326
162 72 325
163 40 389
163 68 373
163 80 377
165 71 587
166 68 311
167 67 569
167 73 209
168 40 916
168 63 499
170 63 518
170 273 487
170 996 1515
171 40 1117
171 63 700
171 496 629
172 63 396
174 71 366
176 40 1107
176 68 1091
176 246 1147
176 266 1096
177 40 387
178 257 416
179 40 327
180 63 497
182 40 1019
183 40 166
185 0 6
186 40 387
186 68 371
187 40 347
187 68 331
188 68 311
189 40 917
191 40 164
192 40 526
192 46 169
193 0 6
194 40 389
194 68 373
194 80 377
195 108 1108
195 318 1077
196 40 325
197 40 917
198 0 6
199 40 389
199 68 373
199 245 372
200 40 349
200 108 1111
200 248 389
202 0 6
203 71 626
205 40 327
205 68 311
207 63 1517
208 40 438
208 68 422
208 242 262
211 40 528
212 40 330
214 0 6
215 24 20088
216 68 373
217 63 498
219 71 678
219 267 457
220 40 1017
223 40 330
223 68 305
224 68 247
227 80 377
228 63 498
229 40 936
229 63 518
229 273 487
230 40 169
231 232 773
231 238 416
233 40 330
234 40 330
234 68 314
238 78 10103
239 1 9
241 491 10210
242 78 10098
243 232 941
243 255 523
244 40 920
245 1 9
249 232 941
249 255 523
249 465 490
250 63 501
251 237 1173
251 265 1157
252 40 169
255 87 717
255 93 359
256 274 1103
256 302 1087
257 68 311
258 55 1212
258 83 1196
258 272 1452
259 250 1192
259 278 1176
260 63 1212
260 91 1196
260 269 1252
260 289 1201
261 63 2005
262 37 10089
263 64 401
264 41 1022
265 226 1113
265 254 1097
265 266 1102
266 125 1005
267 63 2516
267 86 2099
268 72 1312
268 100 1296
268 256 1272
268 284 1256
269 338 4824
270 80 380
271 487 1333
271 528 1427
273 353 948
273 376 530
273 586 497
274 51 1151
274 79 1135
274 275 1101
275 40 352
275 68 335
275 108 1113
276 358 1543
276 381 1125
277 97 571
279 381 2246
279 395 2363
279 887 1825
282 888 1458
283 128 732
283 134 375
284 63 523
284 996 1520
285 404 1423
285 432 1407
285 455 1184
285 483 1168
285 630 1412
287 496 634
288 40 1927
288 546 1506
289 63 2403
290 85 1352
290 113 1336
290 297 1298
290 309 1302
291 302 1260
292 51 1171
292 79 1155
292 257 1211
292 277 1160
293 40 169
294 50 1151
294 78 1135
294 236 1152
295 172 11044
295 195 10420
296 56 20225
296 319 781
297 40 531
297 46 173
298 223 1342
298 251 1326
298 264 1252
298 305 1346
298 449 1331
299 68 311
300 66 1230
300 94 1214
300 290 1180
302 249 1212
302 263 1271
302 277 1196
302 475 1141
302 503 1125
303 40 2423
304 24 92
305 40 1111
305 68 1095
305 257 1351
306 61 329
307 298 1299
308 40 392
308 80 380
309 446 1423
309 474 1407
309 497 1182
309 525 1166
311 235 1111
311 263 1095
312 68 335
314 67 572
314 73 212
315 133 970
315 139 613
316 40 2680
316 63 2262
318 445 1332
318 486 1426
319 40 2400
319 63 1983
320 63 1507
321 269 1312
322 76 1272
322 104 1256
322 260 1232
322 288 1216
323 51 1171
323 79 1155
323 257 1211
323 277 1160
324 63 400
326 172 11044
326 195 10420
327 56 20225
327 319 781
328 40 531
328 46 173
329 223 1342
329 251 1326
329 264 1252
329 305 1346
329 449 1331
330 68 311
331 66 1230
331 94 1214
331 290 1180
332 24 93
333 40 1111
333 68 1095
333 257 1351
334 298 1299
335 40 392
335 80 380
336 61 250
337 235 1111
337 263 1095
338 68 335
340 133 970
340 139 613
341 63 501
342 291 10325
343 404 1423
343 432 1407
343 455 1184
343 483 1168
343 630 1412
344 63 400
345 40 169
346 56 20225
346 319 781
347 68 311
348 66 1230
348 94 1214
348 290 1180
351 40 1111
351 68 1095
351 257 1351
352 40 392
352 80 380
353 53 250
354 68 335
356 133 970
356 139 613
357 63 501
358 63 523
358 996 1520
359 63 400
360 40 169
361 56 20225
361 319 781
362 40 531
362 46 173
363 68 311
366 53 250
368 133 970
368 139 613
369 40 920
370 63 523
370 996 1520
371 496 634
372 40 1120
372 63 703
373 63 400
374 40 169
375 40 531
375 46 173
377 40 392
377 80 380
378 53 325
379 68 335
381 133 970
381 139 613
382 40 920
383 40 941
383 63 523
383 273 490
385 40 169
386 40 531
386 46 173
389 40 392
389 80 380
390 53 249
391 68 335
393 40 941
393 63 523
393 273 490
394 63 400
395 40 169
396 24 92
397 40 392
397 80 380
400 63 523
400 996 1520
401 63 400
402 40 169
403 40 531
403 46 173
404 24 93
405 40 392
405 80 380
406 68 335
408 63 501
409 63 523
409 996 1520
410 63 400
411 40 169
412 40 531
412 46 173
414 40 392
414 68 376
415 68 335
417 63 523
417 996 1520
418 40 169
419 40 531
419 46 173
420 80 380
421 68 314
422 40 920
423 40 941
423 63 523
423 273 490
424 237 1173
424 265 1157
425 63 400
426 40 169
427 264 1137
427 276 1140
428 995 778
429 87 717
429 93 359
430 274 1103
430 302 1087
431 55 1212
431 83 1196
431 272 1452
432 250 1192
432 278 1176
433 63 1212
433 91 1196
433 269 1252
433 289 1201
434 63 2005
437 226 1113
437 254 1097
437 266 1102
438 125 1005
439 72 1312
439 100 1296
439 256 1272
439 284 1256
440 338 4824
441 257 4311
441 285 4295
441 361 4403
441 443 4311
441 471 4295
441 483 4300
442 80 380
444 353 948
444 376 530
445 51 1151
445 79 1135
445 275 1101
446 40 352
446 68 335
446 108 1113
447 381 1123
447 591 1092
447 678 919
448 97 571
450 381 2246
450 395 2363
450 887 1825
452 63 501
454 128 732
454 134 375
455 404 1423
455 432 1407
455 455 1184
455 483 1168
455 630 1412
457 496 634
458 40 1927
458 546 1506
459 63 2403
460 302 1260
461 63 400
462 40 169
463 40 531
463 46 173
464 40 333
465 250 1192
465 278 1176
466 0 9
467 362 373
467 390 357
467 515 401
468 40 1113
468 68 1097
468 226 1114
469 254 1097
469 266 1100
470 80 380
471 45 510
472 68 314
473 67 572
473 73 212
474 63 523
474 996 1520
475 404 1423
475 432 1407
475 455 1184
475 483 1168
475 630 1412
476 40 1928
476 546 1507
477 40 2488
477 63 2069
477 546 2067
478 85 1351
478 113 1335
478 297 1297
478 309 1301
479 63 400
480 40 169
481 40 531
481 46 173
482 40 333
483 250 1192
483 278 1176
485 362 373
485 390 357
485 515 401
486 40 1113
486 68 1097
486 226 1114
487 40 392
488 45 510
489 40 330
489 68 314
490 67 572
490 73 212
491 63 523
491 996 1520
492 404 1423
492 432 1407
492 455 1184
492 483 1168
492 630 1412
493 40 1928
493 546 1507
494 63 2403
495 237 1173
495 265 1157
496 40 1023
497 40 531
497 46 173
498 250 1192
498 278 1176
500 40 1113
500 68 1097
500 226 1114
501 40 392
502 40 352
502 68 335
502 108 1113
503 40 330
503 68 314
504 63 523
504 996 1520
505 40 1928
505 546 1507
506 40 1023
507 40 169
508 40 531
508 46 173
509 226 1112
509 254 1096
509 266 1100
510 40 392
511 40 352
511 68 335
511 108 1113
512 40 330
512 68 314
513 63 523
513 996 1520
514 40 1023
515 40 169
516 40 531
516 46 173
518 40 352
518 68 335
518 108 1113
519 40 330
519 68 314
520 63 523
520 996 1520
521 40 1022
522 40 169
523 40 531
523 46 173
525 40 330
525 68 314
526 40 941
526 63 523
526 273 490
527 40 531
527 46 173
529 40 352
529 68 335
529 108 1113
530 68 314
531 40 941
531 63 523
531 273 490
533 40 531
533 46 173
535 80 380
536 40 352
536 68 335
536 108 1113
537 40 941
537 63 523
537 273 490
538 40 1022
538 63 400
539 40 531
539 46 173
541 40 392
541 68 376
542 68 335
543 40 941
543 63 523
543 273 490
544 40 1022
546 40 531
546 46 173
548 80 380
549 68 335
550 40 941
550 63 523
550 273 490
551 237 1173
551 265 1157
552 63 400
553 40 169
554 264 1137
554 276 1140
555 87 717
555 93 359
556 40 531
556 46 173
557 241 1211
557 269 1195
557 281 1200
558 250 1192
558 278 1176
559 63 2005
561 226 1113
561 254 1097
561 266 1102
562 80 380
563 51 1151
563 79 1135
563 275 1101
564 97 571
565 105 569
566 67 572
566 73 212
569 128 732
569 134 375
570 40 1927
570 546 1506
571 40 531
571 46 173
573 80 380
574 68 335
575 51 1171
575 79 1155
575 257 1211
575 277 1160
576 40 531
576 46 173
578 68 375
578 80 380
579 40 352
579 68 335
579 108 1113
580 63 521
580 273 490
581 40 531
581 46 173
582 68 335
583 40 531
584 68 335
585 40 531
585 46 173
586 0 9
587 68 335
588 0 9
589 68 375
589 80 380
590 68 335
591 40 531
591 46 173
592 68 335
593 40 531
593 46 173
594 0 9
596 40 352
596 68 335
596 108 1113
599 40 352
599 68 335
602 63 400
603 264 1137
603 276 1140
604 40 531
604 46 173
606 63 2005
608 40 1111
608 68 1095
608 257 1351
609 80 380
612 67 572
612 73 212
614 63 523
614 996 1520
615 63 20502
615 392 722
616 63 11503
617 0 9
618 40 392
619 40 351
619 108 1113
620 40 352
620 68 335
621 40 169
622 87 717
622 93 359
623 40 531
623 46 173
625 40 2423
627 40 1111
627 68 1095
627 257 1351
629 68 335
632 128 732
632 134 375
633 40 1120
633 63 703
634 63 400
635 40 169
636 40 531
636 46 173
639 80 380
643 128 732
643 134 375
644 63 523
644 996 1520
645 63 20502
645 392 722
646 63 400
647 40 169
648 87 717
648 93 359
649 40 531
649 46 173
650 68 311
652 80 380
653 68 335
655 133 970
655 139 613
656 496 634
657 40 169
660 80 380
661 61 250
663 133 970
663 139 613
664 63 501
665 63 523
665 996 1520
666 40 1120
666 63 703
667 63 400
668 40 169
669 87 717
669 93 359
670 40 531
670 46 173
671 68 311
672 24 92
673 40 392
675 68 314
676 67 572
676 73 212
677 133 970
677 139 613
679 40 1120
679 63 703
680 40 531
680 46 173
681 389 431
683 417 415
684 389 431
684 417 415
685 51 11167
685 79 11151
685 257 11207
685 277 11156
686 40 11018
686 63 10396
687 40 10165
688 50 11147
688 78 11131
688 236 11148
689 56 30221
689 319 10777
690 40 10527
690 46 10169
691 223 11337
691 251 11321
691 264 11247
691 305 11341
691 449 11326
692 241 11207
692 269 11191
692 281 11196
693 66 11226
693 94 11210
693 290 11176
694 0 10005
695 249 11208
695 263 11267
695 277 11192
695 475 11137
695 503 11121
696 40 12419
697 24 10088
698 40 11106
698 68 11090
698 257 11346
699 298 11295
700 257 14307
700 285 14291
700 361 14399
700 443 14307
700 471 14291
700 483 14296
701 80 10376
702 446 11418
702 474 11402
702 497 11177
702 525 11161
703 53 10246
704 235 11107
704 263 11091
705 40 10348
705 68 10331
705 108 11109
706 381 11119
706 591 11088
706 678 10915
707 105 10565
708 40 10326
709 67 10568
709 73 10208
710 133 10966
710 139 10609
711 381 12242
711 395 12359
711 887 11821
712 40 12676
712 63 12258
713 63 10497
715 40 10937
715 63 10519
715 273 10486
716 445 11328
716 486 11422
717 40 12396
717 63 11979
718 63 30498
718 392 10718
719 63 11503
720 63 12399
721 269 11307
722 76 11267
722 104 11251
722 260 11227
722 288 11211
723 40 10437
723 68 10421
723 267 10456
724 51 11167
724 79 11151
724 257 11207
724 277 11156
725 40 2018
726 40 20165
728 50 11147
728 78 11131
728 236 11148
729 172 11044
729 195 10420
731 43 11018
732 40 11022
733 41 11018
734 324 10937
734 347 10519
735 59 11022
737 56 30221
737 319 10777
738 40 10527
738 46 10169
740 223 11347
740 251 11331
740 264 11257
740 305 11351
740 449 11336
742 40 10329
744 241 11207
744 269 11191
744 281 11196
746 63 10246
747 66 11226
747 94 11210
747 290 11176
748 0 10005
749 40 10165
750 249 11208
750 263 11267
750 277 11192
750 475 11137
750 503 11121
751 928 11119
752 40 12419
753 12 10045
754 362 10369
754 390 10353
754 515 10397
755 357 20628
755 634 20260
756 24 10088
757 37 10101
758 14 10087
759 63 10165
760 78 10098
761 40 11106
761 68 11090
761 257 11346
762 233 10728
762 239 10371
763 68 10310
764 68 10310
765 49 10010
766 61 10325
767 298 11295
768 49 10527
768 55 10169
769 24 10088
771 86 10329
772 58 10165
773 32 10088
775 221 10348
775 249 10331
775 289 11109
780 264 20676
780 435 20260
782 54 10567
782 60 10210
784 32 10101
785 53 10246
786 166 30421
786 197 10913
786 429 10977
786 586 10528
787 141 10966
787 147 10609
788 221 10348
788 249 10331
788 289 11109
789 235 11107
789 263 11091
790 40 10348
790 68 10331
791 45 10506
792 209 10565
793 381 1120
793 591 1089
793 678 916
794 40 10336
794 356 10317
795 364 11058
796 40 10326
796 68 10310
797 67 10578
797 73 10218
798 40 12680
798 63 12262
799 148 12613
800 40 10916
801 128 10728
801 134 10371
802 40 10937
802 63 10519
802 273 10486
803 445 11338
803 486 11432
804 40 12436
804 63 12019
805 63 30498
806 63 11503
807 58 10388
808 63 12399
813 269 11307
814 421 30498
816 40 10398
817 76 11267
817 104 11251
817 260 11227
817 288 11211
818 40 10437
818 68 10421
818 267 10456
820 40 10165
822 172 11044
822 195 10420
823 64 10396
824 66 10396
825 63 10400
827 324 10937
827 347 10519
827 557 10486
828 82 10400
829 63 10498
830 56 30221
830 319 10777
831 40 10527
832 144 30251
832 175 10743
832 407 10807
833 44 10388
833 72 10372
834 40 10329
837 63 10245
838 66 11236
838 94 11220
838 290 11186
841 928 11119
843 362 10369
843 390 10353
843 515 398
844 363 10169
845 24 10088
851 40 10326
852 40 10329
854 61 10325
857 46 10089
861 73 10388
861 101 10372
862 249 10332
863 42 10398
863 70 10382
865 75 10396
866 40 10388
866 68 10372
867 264 20676
867 435 20260
868 41 10388
868 69 10372
870 10 10050
872 53 10246
873 203 10555
873 376 10559
874 141 10966
874 147 10609
875 249 10332
876 40 10348
876 68 10331
877 45 10506
878 209 10565
879 381 11119
879 591 11088
879 678 10915
880 68 10322
880 328 10339
881 387 10436
882 40 10326
882 68 10310
883 67 10568
883 73 10208
886 40 10937
886 63 10519
886 273 10486
887 63 30498
887 392 10718
888 69 10169
892 75 30303
892 106 10793
892 112 10436
892 329 10639
893 750 10718
893 854 10630
894 43 10527
894 49 10170
895 40 10398
895 68 10382
895 80 10386
896 40 10437
896 68 10421
896 267 10456
897 63 10396
899 40 10527
903 24 10088
905 40 10388
905 68 10372
906 53 10246
907 45 10506
908 40 10326
908 68 10310
909 67 10568
909 73 10208
910 128 10728
910 134 10371
911 40 11126
911 63 10709
911 496 10640
912 71 10677
912 267 10456
913 63 10396
915 40 10527
915 46 10169
917 68 247
919 24 10088
921 40 10388
921 68 10372
921 80 10376
922 53 40246
923 45 10506
924 40 10326
924 68 10310
925 67 10568
925 73 10208
927 40 10437
927 68 10421
927 242 10261
928 63 10396
932 24 10088
933 40 10388
933 68 10372
933 80 10376
934 53 40245
935 40 10336
935 68 10320
937 40 10437
937 68 10421
937 267 10456
938 40 2018
940 40 10527
940 46 10169
943 24 10089
944 68 10372
944 80 10376
945 68 10320
947 40 10437
947 68 10421
947 267 10456
948 40 10165
949 40 10527
951 24 10089
952 40 10392
952 68 10376
952 80 10380
953 40 10326
953 68 10310
955 40 10527
955 46 10169
957 24 10088
958 40 10392
958 68 10376
958 80 10380
959 68 10310
960 40 10527
960 46 10169
962 24 10088
963 40 10388
963 68 10372
963 80 10376
966 40 10388
966 68 10372
966 80 10376
967 51 11167
967 79 11151
967 257 11207
967 277 11156
968 40 11018
968 63 10396
969 40 10165
970 50 11147
970 78 11131
970 236 11148
971 56 30221
971 319 10777
972 40 10527
972 46 10169
973 66 11226
973 94 11210
973 290 11176
974 0 10005
975 249 11208
975 263 11267
975 277 11192
975 475 11137
975 503 11121
976 40 12419
977 24 10088
978 40 11106
978 68 11090
978 257 11346
979 298 11295
980 257 14307
980 285 14291
980 361 14399
980 443 14307
980 471 14291
980 483 14296
981 80 10376
982 446 11418
982 474 11402
982 497 11177
982 525 11161
983 53 10246
984 235 11107
984 263 11091
985 40 10348
985 68 10331
985 108 11109
986 381 11119
986 591 11088
986 678 10915
987 105 10565
988 40 10326
989 67 10568
989 73 10208
990 381 12242
990 395 12359
990 887 11821
991 40 12676
991 63 12258
992 63 10497
994 40 10937
994 63 10519
994 273 10486
995 445 11328
995 486 11422
996 40 12396
996 63 11979
997 63 30498
997 392 10718
998 63 11503
999 63 12399
1000 269 11307
1001 76 11267
1001 104 11251
1001 260 11227
1001 288 11211
1002 40 11018
1002 63 10396
1006 254 11092
1006 266 11095
1007 40 11018
1007 63 10396
1009 40 11018
1009 63 10396
1013 51 11167
1013 79 11151
1013 257 11207
1013 277 11156
1014 40 11018
1014 63 10396
1015 40 10165
1016 56 30221
1016 319 10777
1017 40 10527
1017 46 10169
1018 66 11226
1018 94 11210
1018 290 11176
1019 0 10005
1020 40 12419
1021 24 10088
1022 40 11106
1022 68 11090
1022 257 11346
1023 80 10376
1024 53 10246
1025 235 11107
1025 263 11091
1026 40 10348
1026 68 10331
1026 108 11109
1027 381 11119
1027 591 11088
1027 678 10915
1028 40 10326
1029 67 10568
1029 73 10208
1030 63 10497
1032 40 10937
1032 63 10519
1032 273 10486
1033 40 11116
1033 63 10699
1034 40 10165
1037 40 10165
1038 40 10527
1038 46 10169
1040 24 10088
1041 40 10527
1041 46 10169
1043 24 10088
1044 24 10099
1045 24 10089
1046 40 11018
1046 63 10396
1047 40 10165
1048 40 10527
1048 46 10169
1049 66 11226
1049 94 11210
1049 290 11176
1051 40 12419
1052 24 10088
1053 40 11106
1053 68 11090
1053 257 11346
1054 80 10376
1055 53 10246
1056 381 11119
1056 591 11088
1056 678 10915
1057 40 10326
1058 67 10568
1058 73 10208
1059 40 10916
1059 63 10497
1060 40 10937
1060 63 10519
1060 273 10486
1062 52 10568
1062 58 10211
1063 40 11018
1063 63 10396
1066 0 10005
1067 24 10088
1069 53 10246
1070 40 10326
1071 67 10568
1071 73 10208
1072 40 10937
1072 63 10519
1072 273 10486
1073 40 11018
1073 63 10396
1076 0 10005
1078 53 10246
1079 40 10326
1080 67 10568
1080 73 10208
1081 40 10937
1081 63 10519
1081 273 10486
1082 40 11018
1082 63 10396
1087 53 10246
1088 67 10568
1088 73 10208
1089 40 11018
1089 63 10396
1093 53 10246
1094 40 11018
1094 63 10396
1098 53 10246
1100 40 10527
1100 46 10169
1101 223 11337
1101 251 11321
1101 264 11247
1101 305 11341
1101 449 11326
1102 0 10005
1103 40 12419
1104 40 11106
1104 68 11090
1104 257 11346
1105 53 40246
1106 40 10348
1106 68 10331
1106 108 11109
1108 63 11503
1109 40 2423
1110 40 2400
1110 63 1983
1111 63 1507
1112 40 169
1113 87 717
1113 93 359
1114 40 531
1114 46 173
1117 80 380
1119 68 335
1121 63 501
1122 63 523
1122 996 1520
1123 496 634
1125 260 881
1127 232 4728
1127 238 4371
1128 221 1348
1128 249 1332
1130 45 510
1131 56 394
1131 84 378
1131 261 377
1132 40 10922
1133 54 10539
1133 60 10101
1134 232 4728
1134 238 4371
1135 221 1348
1135 249 1332
1138 56 394
1138 84 378
1138 261 377
1139 96 380
1140 63 10501
1141 68 319
1141 84 333
1142 40 170
1143 232 768
1143 238 411
1144 46 173
1146 64 400
1147 61 329
1148 63 501
1149 40 392
1149 68 376
1150 63 501
1151 68 319
1151 84 333
1153 232 768
1153 238 411
1154 40 532
1155 1 9
1156 41 1022
1156 64 400
1157 61 329
1158 63 501
1159 63 501
1160 40 333
1161 61 329
1162 63 502
1164 41 1022
1165 40 10932
1165 63 10512
1165 561 10496
