0 0 0 0
39 0 4 1
37 0 5 2
122 0 5 2
159 0 5 2
175 0 5 2
301 0 5 2
349 0 5 2
376 0 5 2
528 0 5 2
658 0 5 2
11 63 396 3
38 0 9 3
40 0 9 3
55 34 170 3
156 63 395 3
157 40 164 3
172 63 396 3
185 0 6 3
191 40 164 3
193 0 6 3
198 0 6 3
202 0 6 3
214 0 6 3
239 1 9 3
245 1 9 3
466 0 9 3
586 0 9 3
588 0 9 3
594 0 9 3
617 0 9 3
694 0 10005 3
748 0 10005 3
753 12 10045 3
974 0 10005 3
1019 0 10005 3
1066 0 10005 3
1076 0 10005 3
1102 0 10005 3
1155 1 9 3
12 63 399 4
13 40 165 4
14 40 168 4
15 40 168 4
19 195 420 4
46 24 89 4
50 61 325 4
61 53 246 4
70 45 506 4
71 678 915 4
110 63 397 4
126 24 88 4
132 34 170 4
139 678 915 4
164 53 245 4
173 40 165 4
182 63 396 4
189 63 497 4
190 63 396 4
197 63 497 4
209 63 396 4
210 40 165 4
212 68 305 4
220 63 396 4
221 40 165 4
225 0 7 4
236 40 168 4
240 491 10206 4
246 1 13 4
264 64 400 4
325 40 168 4
364 0 10 4
384 63 399 4
387 0 10 4
413 0 10 4
484 0 10 4
496 63 401 4
499 0 10 4
506 63 401 4
514 63 400 4
517 0 10 4
521 63 399 4
524 0 10 4
532 63 399 4
534 0 10 4
540 0 10 4
544 63 400 4
545 40 168 4
547 0 10 4
572 0 10 4
577 0 10 4
598 0 10 4
600 0 10 4
605 0 10 4
624 0 10 4
637 0 10 4
725 63 1396 4
730 64 10395 4
731 66 10396 4
732 63 10400 4
733 64 10396 4
735 82 10400 4
765 111 10164 4
777 34 10170 4
778 75 10395 4
783 10 10046 4
795 387 10436 4
809 0 10006 4
810 2 10006 4
811 12 10056 4
819 63 1395 4
826 64 10395 4
839 0 10006 4
840 40 10164 4
842 12 10046 4
847 14 10086 4
848 63 10164 4
853 49 10006 4
864 34 10170 4
889 0 10006 4
890 2 10006 4
891 12 10056 4
898 40 10164 4
902 0 10006 4
904 34 10170 4
914 40 10164 4
918 0 10006 4
920 34 10170 4
929 40 10164 4
931 0 10006 4
938 63 1396 4
939 40 10164 4
942 0 10006 4
950 0 10006 4
954 40 10164 4
956 0 10010 4
961 0 10006 4
965 0 10006 4
1003 40 10164 4
1005 0 10006 4
1008 40 10164 4
1010 40 10164 4
1011 40 10164 4
1012 40 10164 4
1036 0 10006 4
1039 0 10006 4
1042 0 10006 4
1050 0 10006 4
1064 40 10164 4
1074 40 10164 4
1083 40 10164 4
1085 0 10006 4
1090 40 10164 4
1092 0 10006 4
1095 40 10164 4
1097 0 10006 4
1099 40 40164 4
1115 0 10 4
1145 1 10 4
1152 40 168 4
1163 64 399 4
1164 64 400 4
4 97 566 5
5 97 566 5
16 40 169 5
28 68 306 5
33 68 245 5
43 63 1999 5
47 24 92 5
56 80 375 5
62 53 250 5
63 53 249 5
72 678 919 5
84 63 498 5
88 996 1515 5
111 40 166 5
113 195 10420 5
117 68 306 5
124 63 1999 5
128 61 326 5
135 53 246 5
135 61 245 5
138 45 507 5
145 63 497 5
158 46 168 5
160 24 90 5
162 61 326 5
162 72 325 5
168 63 499 5
170 996 1515 5
174 71 366 5
180 63 497 5
183 40 166 5
192 46 169 5
196 40 325 5
215 24 20088 5
217 63 498 5
223 68 305 5
228 63 498 5
229 63 518 5
230 40 169 5
241 491 10210 5
242 78 10098 5
250 63 501 5
252 40 169 5
262 37 10089 5
263 64 401 5
266 125 1005 5
293 40 169 5
295 195 10420 5
304 24 92 5
306 61 329 5
324 63 400 5
326 195 10420 5
332 24 93 5
341 63 501 5
342 291 10325 5
344 63 400 5
345 40 169 5
353 53 250 5
357 63 501 5
359 63 400 5
360 40 169 5
366 53 250 5
373 63 400 5
374 40 169 5
378 53 325 5
385 40 169 5
390 53 249 5
394 63 400 5
395 40 169 5
396 24 92 5
401 63 400 5
402 40 169 5
404 24 93 5
408 63 501 5
410 63 400 5
411 40 169 5
418 40 169 5
425 63 400 5
426 40 169 5
438 125 1005 5
447 678 919 5
452 63 501 5
461 63 400 5
462 40 169 5
471 45 510 5
479 63 400 5
480 40 169 5
488 45 510 5
507 40 169 5
515 40 169 5
522 40 169 5
538 63 400 5
552 63 400 5
553 40 169 5
602 63 400 5
621 40 169 5
634 63 400 5
635 40 169 5
646 63 400 5
647 40 169 5
657 40 169 5
664 63 501 5
667 63 400 5
668 40 169 5
672 24 92 5
686 63 10396 5
687 40 10165 5
697 24 10088 5
703 53 10246 5
706 678 10915 5
713 63 10497 5
726 40 20165 5
729 195 10420 5
746 63 10246 5
749 40 10165 5
756 24 10088 5
758 14 10087 5
759 63 10165 5
760 78 10098 5
765 49 10010 5
766 61 10325 5
769 24 10088 5
772 58 10165 5
773 32 10088 5
785 53 10246 5
791 45 10506 5
793 678 916 5
820 40 10165 5
822 195 10420 5
823 64 10396 5
824 66 10396 5
825 63 10400 5
828 82 10400 5
837 63 10245 5
845 24 10088 5
854 61 10325 5
857 46 10089 5
865 75 10396 5
870 10 10050 5
872 53 10246 5
877 45 10506 5
879 678 10915 5
881 387 10436 5
897 63 10396 5
903 24 10088 5
906 53 10246 5
907 45 10506 5
913 63 10396 5
919 24 10088 5
922 53 40246 5
923 45 10506 5
928 63 10396 5
932 24 10088 5
934 53 40245 5
943 24 10089 5
948 40 10165 5
951 24 10089 5
957 24 10088 5
962 24 10088 5
968 63 10396 5
969 40 10165 5
977 24 10088 5
983 53 10246 5
986 678 10915 5
992 63 10497 5
1002 63 10396 5
1007 63 10396 5
1009 63 10396 5
1014 63 10396 5
1015 40 10165 5
1021 24 10088 5
1024 53 10246 5
1027 678 10915 5
1030 63 10497 5
1034 40 10165 5
1037 40 10165 5
1040 24 10088 5
1043 24 10088 5
1044 24 10099 5
1045 24 10089 5
1046 63 10396 5
1047 40 10165 5
1052 24 10088 5
1055 53 10246 5
1056 678 10915 5
1059 63 10497 5
1063 63 10396 5
1067 24 10088 5
1069 53 10246 5
1073 63 10396 5
1078 53 10246 5
1082 63 10396 5
1087 53 10246 5
1089 63 10396 5
1093 53 10246 5
1094 63 10396 5
1098 53 10246 5
1105 53 40246 5
1112 40 169 5
1121 63 501 5
1130 45 510 5
1140 63 10501 5
1142 40 170 5
1146 64 400 5
1147 61 329 5
1148 63 501 5
1150 63 501 5
1156 64 400 5
1157 61 329 5
1158 63 501 5
1159 63 501 5
1161 61 329 5
1162 63 502 5
4 105 565 6
5 105 565 6
7 464 392 6
22 46 169 6
23 46 172 6
24 46 172 6
25 46 10100 6
28 40 329 6
29 68 310 6
44 63 2004 6
45 515 397 6
57 80 379 6
58 80 379 6
62 61 249 6
76 73 208 6
78 139 609 6
80 395 2359 6
81 63 2258 6
88 63 519 6
89 996 1519 6
90 996 1519 6
94 63 1979 6
96 63 20498 6
98 63 1503 6
108 267 456 6
114 319 777 6
115 46 169 6
120 68 246 6
131 361 4399 6
140 40 326 6
140 68 310 6
141 139 609 6
143 63 2258 6
144 148 2609 6
147 63 519 6
147 273 486 6
150 392 718 6
151 63 1504 6
152 63 2399 6
161 266 1095 6
166 40 326 6
170 63 519 6
174 46 170 6
177 80 376 6
179 68 310 6
180 40 916 6
181 63 699 6
184 46 170 6
188 40 326 6
195 108 1109 6
196 68 310 6
199 80 376 6
201 40 326 6
201 68 310 6
203 80 376 6
205 71 566 6
206 63 1497 6
207 63 1518 6
211 46 169 6
213 68 246 6
216 80 376 6
218 63 518 6
218 273 486 6
222 46 169 6
226 24 20090 6
229 63 517 6
232 78 10102 6
244 63 501 6
247 491 10211 6
248 78 10099 6
272 53 250 6
276 678 920 6
281 63 501 6
303 63 2003 6
310 53 250 6
317 291 10350 6
336 53 251 6
350 24 93 6
353 61 249 6
365 24 93 6
366 61 249 6
369 63 501 6
382 63 501 6
383 996 1519 6
388 24 93 6
393 996 1519 6
422 63 501 6
423 996 1519 6
435 24 93 6
436 37 10090 6
443 53 250 6
464 68 310 6
482 68 310 6
487 80 379 6
497 71 370 6
501 80 379 6
510 80 379 6
526 996 1519 6
530 40 329 6
531 996 1519 6
537 996 1519 6
543 996 1519 6
550 996 1519 6
560 24 93 6
565 97 570 6
568 63 501 6
576 71 370 6
580 63 522 6
581 71 370 6
583 46 172 6
585 71 370 6
591 71 370 6
597 46 173 6
607 24 93 6
610 53 250 6
618 80 379 6
625 63 2003 6
626 24 93 6
628 53 250 6
638 24 93 6
640 53 250 6
651 24 93 6
659 24 93 6
661 53 251 6
673 80 379 6
674 53 250 6
678 63 502 6
696 63 11999 6
703 61 10245 6
707 97 10566 6
715 996 11515 6
726 40 10166 6
727 45 20506 6
736 63 10497 6
742 68 10306 6
745 68 10245 6
752 63 11999 6
763 40 10325 6
764 40 10325 6
770 46 10090 6
771 114 10306 6
784 69 10289 6
785 61 10245 6
792 201 10566 6
800 63 10497 6
802 996 11515 6
807 98 10375 6
815 49 10169 6
816 80 10385 6
821 45 20506 6
829 63 10499 6
831 46 10168 6
834 68 10306 6
836 68 10245 6
846 37 10100 6
849 78 10099 6
856 24 10089 6
858 114 10306 6
859 58 10166 6
860 32 10089 6
866 80 10375 6
869 60 10209 6
871 32 10100 6
872 61 10245 6
878 201 10566 6
880 356 10316 6
884 63 10507 6
886 996 11515 6
899 46 10168 6
901 68 10245 6
905 80 10375 6
906 61 10245 6
922 61 40245 6
930 68 10245 6
941 68 10245 6
945 40 10335 6
949 46 10168 6
959 40 10325 6
964 46 10169 6
976 63 11999 6
983 61 10245 6
987 97 10566 6
994 996 11515 6
1004 46 10169 6
1017 71 10366 6
1020 63 11999 6
1024 61 10245 6
1032 996 11515 6
1035 46 10169 6
1048 71 10366 6
1051 63 11999 6
1055 61 10245 6
1060 996 11515 6
1065 46 10169 6
1069 61 10245 6
1072 996 11515 6
1075 46 10169 6
1078 61 10245 6
1081 996 11515 6
1084 46 10169 6
1087 61 10245 6
1091 46 10169 6
1093 61 10245 6
1096 46 10169 6
1098 61 10245 6
1103 63 11999 6
1105 61 40245 6
1107 63 10498 6
1109 63 2003 6
1116 24 93 6
1118 53 250 6
1124 628 250 6
1124 636 249 6
1126 40 170 6
1129 45 511 6
1132 63 10502 6
1137 45 511 6
1141 112 310 6
1149 80 379 6
1151 112 310 6
1154 46 172 6
1160 112 310 6
1162 63 501 6
1166 63 10507 6
2 996 1520 7
3 464 393 7
6 464 393 7
8 71 676 7
8 267 457 7
17 276 1135 7
20 93 355 7
21 319 781 7
29 40 333 7
30 58 210 7
48 266 1096 7
54 361 4400 7
64 275 1096 7
66 108 1110 7
71 381 1120 7
73 40 327 7
73 68 311 7
74 40 330 7
74 68 314 7
75 40 330 7
75 68 314 7
77 73 212 7
79 139 613 7
82 63 2262 7
83 63 2278 7
84 40 917 7
85 175 416 7
88 63 518 7
88 273 487 7
89 63 523 7
89 273 490 7
90 63 523 7
90 273 490 7
95 63 1984 7
96 63 700 7
96 496 629 7
97 63 703 7
98 40 1922 7
98 546 1501 7
99 63 1507 7
100 63 1508 7
101 63 2064 7
108 242 260 7
113 262 589 7
114 93 354 7
117 40 330 7
118 93 288 7
125 515 398 7
127 266 1096 7
130 71 631 7
133 80 377 7
136 277 1135 7
137 68 330 7
139 381 1120 7
142 395 2360 7
142 404 1823 7
145 40 917 7
146 134 370 7
147 63 518 7
149 63 1980 7
150 63 700 7
163 80 377 7
165 71 587 7
166 68 311 7
167 73 209 7
168 40 916 7
170 63 518 7
170 273 487 7
171 63 700 7
171 496 629 7
176 266 1096 7
177 40 387 7
178 257 416 7
179 40 327 7
186 40 387 7
186 68 371 7
187 40 347 7
187 68 331 7
188 68 311 7
189 40 917 7
192 40 526 7
194 80 377 7
195 108 1108 7
195 318 1077 7
197 40 917 7
200 108 1111 7
200 248 389 7
203 71 626 7
205 40 327 7
205 68 311 7
207 63 1517 7
212 40 330 7
219 267 457 7
220 40 1017 7
223 40 330 7
224 68 247 7
227 80 377 7
229 40 936 7
229 273 487 7
233 40 330 7
234 40 330 7
234 68 314 7
238 78 10103 7
243 255 523 7
244 40 920 7
249 255 523 7
249 465 490 7
257 68 311 7
261 63 2005 7
267 86 2099 7
270 80 380 7
273 376 530 7
273 586 497 7
275 108 1113 7
277 97 571 7
279 395 2363 7
284 996 1520 7
289 63 2403 7
296 319 781 7
297 46 173 7
299 68 311 7
308 80 380 7
314 73 212 7
315 139 613 7
316 63 2262 7
319 63 1983 7
320 63 1507 7
327 319 781 7
328 46 173 7
330 68 311 7
335 80 380 7
336 61 250 7
340 139 613 7
346 319 781 7
347 68 311 7
352 80 380 7
356 139 613 7
358 996 1520 7
361 319 781 7
362 46 173 7
363 68 311 7
368 139 613 7
369 40 920 7
370 996 1520 7
372 63 703 7
375 46 173 7
377 80 380 7
381 139 613 7
382 40 920 7
383 63 523 7
383 273 490 7
386 46 173 7
389 80 380 7
393 63 523 7
393 273 490 7
397 80 380 7
400 996 1520 7
403 46 173 7
405 80 380 7
409 996 1520 7
412 46 173 7
417 996 1520 7
419 46 173 7
420 80 380 7
421 68 314 7
422 40 920 7
423 63 523 7
423 273 490 7
434 63 2005 7
441 361 4403 7
442 80 380 7
444 376 530 7
446 108 1113 7
448 97 571 7
450 395 2363 7
459 63 2403 7
463 46 173 7
464 40 333 7
467 515 401 7
469 266 1100 7
470 80 380 7
472 68 314 7
473 73 212 7
474 996 1520 7
477 63 2403 7
481 46 173 7
482 40 333 7
485 515 401 7
489 40 330 7
489 68 314 7
490 73 212 7
491 996 1520 7
494 63 2403 7
497 46 173 7
502 108 1113 7
503 40 330 7
503 68 314 7
504 996 1520 7
508 46 173 7
509 266 1100 7
511 108 1113 7
512 40 330 7
512 68 314 7
513 996 1520 7
516 46 173 7
518 108 1113 7
519 40 330 7
519 68 314 7
520 996 1520 7
523 46 173 7
525 40 330 7
525 68 314 7
526 63 523 7
526 273 490 7
527 46 173 7
529 108 1113 7
530 68 314 7
531 63 523 7
531 273 490 7
533 46 173 7
535 80 380 7
536 108 1113 7
537 63 523 7
537 273 490 7
539 46 173 7
543 63 523 7
543 273 490 7
546 46 173 7
548 80 380 7
550 63 523 7
550 273 490 7
556 46 173 7
559 63 2005 7
562 80 380 7
564 97 571 7
565 105 569 7
566 73 212 7
571 46 173 7
573 80 380 7
576 46 173 7
578 80 380 7
579 108 1113 7
580 63 521 7
580 273 490 7
581 46 173 7
585 46 173 7
589 80 380 7
591 46 173 7
593 46 173 7
596 108 1113 7
604 46 173 7
606 63 2005 7
609 80 380 7
612 73 212 7
614 996 1520 7
615 63 20502 7
615 392 722 7
616 63 11503 7
619 108 1113 7
623 46 173 7
633 63 703 7
636 46 173 7
639 80 380 7
644 996 1520 7
645 63 20502 7
645 392 722 7
649 46 173 7
650 68 311 7
652 80 380 7
655 139 613 7
660 80 380 7
661 61 250 7
663 139 613 7
665 996 1520 7
666 63 703 7
670 46 173 7
671 68 311 7
675 68 314 7
676 73 212 7
677 139 613 7
679 63 703 7
680 46 173 7
689 319 10777 7
690 46 10169 7
700 361 14399 7
701 80 10376 7
705 108 11109 7
707 105 10565 7
708 40 10326 7
709 73 10208 7
710 139 10609 7
711 395 12359 7
712 63 12258 7
715 63 10519 7
715 273 10486 7
717 63 11979 7
718 63 30498 7
718 392 10718 7
719 63 11503 7
720 63 12399 7
723 267 10456 7
734 347 10519 7
737 319 10777 7
738 46 10169 7
742 40 10329 7
754 515 10397 7
757 37 10101 7
763 68 10310 7
764 68 10310 7
768 55 10169 7
771 86 10329 7
775 289 11109 7
782 60 10210 7
784 32 10101 7
786 429 10977 7
787 147 10609 7
788 289 11109 7
792 209 10565 7
794 40 10336 7
794 356 10317 7
796 40 10326 7
796 68 10310 7
797 73 10218 7
798 63 12262 7
799 148 12613 7
800 40 10916 7
802 63 10519 7
802 273 10486 7
804 63 12019 7
805 63 30498 7
806 63 11503 7
808 63 12399 7
814 421 30498 7
818 267 10456 7
827 347 10519 7
827 557 10486 7
829 63 10498 7
830 319 10777 7
832 407 10807 7
834 40 10329 7
843 515 398 7
844 363 10169 7
851 40 10326 7
852 40 10329 7
873 376 10559 7
874 147 10609 7
878 209 10565 7
880 328 10339 7
882 40 10326 7
882 68 10310 7
883 73 10208 7
886 63 10519 7
886 273 10486 7
887 63 30498 7
887 392 10718 7
888 69 10169 7
892 329 10639 7
893 750 10718 7
894 49 10170 7
895 80 10386 7
896 267 10456 7
908 40 10326 7
908 68 10310 7
909 73 10208 7
911 63 10709 7
912 267 10456 7
915 46 10169 7
917 68 247 7
921 80 10376 7
924 40 10326 7
924 68 10310 7
925 73 10208 7
933 80 10376 7
935 40 10336 7
935 68 10320 7
937 267 10456 7
940 46 10169 7
944 80 10376 7
945 68 10320 7
947 267 10456 7
952 80 10380 7
953 40 10326 7
953 68 10310 7
955 46 10169 7
958 80 10380 7
959 68 10310 7
960 46 10169 7
963 80 10376 7
966 80 10376 7
971 319 10777 7
972 46 10169 7
980 361 14399 7
981 80 10376 7
985 108 11109 7
987 105 10565 7
988 40 10326 7
989 73 10208 7
990 395 12359 7
991 63 12258 7
994 63 10519 7
994 273 10486 7
996 63 11979 7
997 63 30498 7
997 392 10718 7
998 63 11503 7
999 63 12399 7
1006 266 11095 7
1016 319 10777 7
1017 46 10169 7
1023 80 10376 7
1026 108 11109 7
1028 40 10326 7
1029 73 10208 7
1032 63 10519 7
1032 273 10486 7
1033 63 10699 7
1038 46 10169 7
1041 46 10169 7
1048 46 10169 7
1054 80 10376 7
1057 40 10326 7
1058 73 10208 7
1059 40 10916 7
1060 63 10519 7
1060 273 10486 7
1070 40 10326 7
1071 73 10208 7
1072 63 10519 7
1072 273 10486 7
1079 40 10326 7
1080 73 10208 7
1081 63 10519 7
1081 273 10486 7
1088 73 10208 7
1100 46 10169 7
1106 108 11109 7
1108 63 11503 7
1110 63 1983 7
1111 63 1507 7
1114 46 173 7
1117 80 380 7
1122 996 1520 7
1133 60 10101 7
1139 96 380 7
1141 84 333 7
1144 46 173 7
1151 84 333 7
1160 40 333 7
1165 63 10512 7
1165 561 10496 7
2 63 524 8
2 273 491 8
8 40 437 8
8 68 421 8
8 242 261 8
11 40 1018 8
18 276 1139 8
21 93 358 8
23 40 530 8
24 40 530 8
26 305 1341 8
31 281 1196 8
34 292 1215 8
43 40 2419 8
48 257 1346 8
49 266 1101 8
51 298 1295 8
53 71 632 8
53 318 397 8
54 483 4296 8
56 40 388 8
57 40 391 8
64 235 1107 8
65 275 1100 8
66 40 348 8
66 68 331 8
67 68 334 8
68 68 334 8
69 68 334 8
71 381 1119 8
71 591 1088 8
72 381 1124 8
78 133 966 8
80 404 1824 8
81 40 2676 8
85 134 371 8
86 134 4370 8
87 134 374 8
88 40 937 8
89 63 522 8
90 63 522 8
94 40 2396 8
97 496 633 8
99 40 1926 8
99 546 1505 8
100 40 1927 8
100 546 1506 8
102 40 367 8
102 68 351 8
108 71 677 8
109 277 1156 8
110 40 1018 8
112 276 1136 8
113 262 588 8
113 472 557 8
114 56 20221 8
115 40 527 8
116 449 1326 8
118 58 214 8
119 281 1196 8
121 290 1176 8
124 40 2419 8
125 362 369 8
125 390 353 8
130 40 392 8
130 68 376 8
133 40 388 8
133 68 372 8
136 235 1107 8
136 263 1091 8
137 40 347 8
139 381 1119 8
139 591 1088 8
141 133 966 8
142 381 2242 8
142 887 1821 8
143 40 2677 8
144 63 2279 8
147 40 937 8
150 496 630 8
151 40 1923 8
151 546 1502 8
152 63 2065 8
153 257 433 8
165 40 348 8
165 68 331 8
169 134 371 8
170 40 937 8
172 40 1018 8
174 40 527 8
177 68 372 8
178 40 348 8
178 68 332 8
181 40 1116 8
181 496 630 8
184 40 527 8
190 40 1018 8
195 40 348 8
195 68 331 8
200 68 332 8
203 40 387 8
203 68 371 8
204 40 348 8
204 68 332 8
206 40 1916 8
207 40 1936 8
207 273 1487 8
208 71 677 8
208 267 458 8
209 40 1018 8
216 40 388 8
217 40 917 8
218 40 937 8
219 242 261 8
222 40 527 8
227 40 388 8
227 68 372 8
228 40 917 8
231 279 461 8
233 68 315 8
235 40 430 8
235 68 414 8
237 238 415 8
243 255 522 8
243 465 491 8
249 255 522 8
250 40 920 8
253 443 2220 8
254 995 753 8
255 319 782 8
257 40 334 8
269 361 4404 8
273 376 529 8
275 108 1112 8
275 318 1081 8
277 105 570 8
278 73 213 8
279 404 1827 8
280 63 2263 8
281 40 921 8
284 63 524 8
284 273 491 8
286 63 1985 8
287 63 704 8
288 63 1508 8
289 63 2068 8
294 276 1139 8
296 93 358 8
299 40 334 8
305 266 1101 8
311 275 1100 8
313 40 331 8
313 68 315 8
320 40 1926 8
320 546 1505 8
327 93 358 8
330 40 334 8
333 266 1101 8
337 275 1100 8
339 40 331 8
339 68 315 8
341 40 921 8
346 93 358 8
347 40 334 8
351 266 1101 8
355 40 331 8
355 68 315 8
357 40 921 8
358 63 524 8
358 273 491 8
361 93 358 8
363 40 334 8
367 40 331 8
367 68 315 8
370 63 524 8
370 273 491 8
371 63 704 8
372 496 633 8
380 40 331 8
380 68 315 8
383 63 522 8
392 40 331 8
392 68 315 8
393 63 522 8
398 40 331 8
398 68 315 8
399 139 614 8
400 63 524 8
400 273 491 8
407 40 331 8
407 68 315 8
408 40 920 8
409 63 524 8
409 273 491 8
414 80 381 8
416 40 331 8
416 68 315 8
417 63 524 8
417 273 491 8
421 40 331 8
423 63 522 8
429 319 782 8
440 361 4404 8
444 376 529 8
444 586 498 8
446 108 1112 8
446 318 1081 8
447 381 1124 8
448 105 570 8
449 73 213 8
450 404 1827 8
451 63 2263 8
452 40 921 8
453 888 1433 8
456 63 1985 8
457 63 704 8
458 63 1508 8
459 63 2068 8
468 266 1101 8
472 40 331 8
474 63 524 8
474 273 491 8
476 63 1509 8
486 266 1101 8
491 63 524 8
491 273 491 8
493 63 1509 8
494 63 2068 8
500 266 1101 8
502 108 1112 8
502 248 393 8
504 63 524 8
504 273 491 8
505 63 1509 8
511 108 1112 8
511 248 393 8
513 63 524 8
513 273 491 8
518 108 1112 8
518 248 393 8
520 63 524 8
520 273 491 8
526 63 522 8
529 108 1112 8
529 248 393 8
531 63 522 8
535 40 391 8
535 68 375 8
536 108 1112 8
536 248 393 8
537 63 522 8
541 80 381 8
543 63 522 8
548 40 391 8
548 68 375 8
550 63 522 8
555 319 782 8
564 105 570 8
567 63 2263 8
568 40 920 8
570 63 1508 8
573 40 391 8
573 68 375 8
578 40 391 8
579 108 1112 8
579 248 393 8
580 40 940 8
589 40 391 8
595 40 391 8
595 68 375 8
596 108 1112 8
596 318 1081 8
597 40 530 8
599 71 591 8
601 40 391 8
601 68 375 8
608 266 1101 8
611 40 331 8
611 68 315 8
613 134 374 8
614 63 524 8
614 273 491 8
615 63 704 8
615 496 633 8
616 40 11922 8
616 546 11501 8
619 68 334 8
620 71 591 8
622 319 782 8
627 266 1101 8
630 40 331 8
630 68 315 8
631 73 213 8
633 496 633 8
641 40 331 8
641 68 315 8
642 73 213 8
643 175 420 8
644 63 524 8
644 273 491 8
645 63 704 8
645 496 633 8
648 319 782 8
650 40 334 8
654 73 213 8
656 63 704 8
662 73 213 8
664 40 921 8
665 63 524 8
665 273 491 8
666 496 633 8
669 319 782 8
671 40 334 8
675 40 331 8
678 40 920 8
679 496 633 8
683 389 430 8
688 276 11135 8
689 93 10354 8
698 266 11096 8
704 275 11096 8
705 108 11108 8
705 248 10389 8
706 381 11120 8
708 68 10311 8
711 404 11823 8
713 40 10917 8
714 134 10370 8
715 63 10518 8
718 63 10700 8
718 496 10629 8
719 40 11922 8
719 546 11501 8
720 63 12064 8
723 71 10676 8
723 242 10260 8
728 276 11135 8
734 347 10518 8
734 557 10487 8
736 40 10917 8
737 93 10354 8
739 181 10385 8
741 44 10387 8
741 72 10371 8
743 58 10210 8
751 928 11120 8
755 363 20269 8
761 266 11096 8
762 280 10416 8
774 73 10387 8
774 101 10371 8
775 289 11108 8
775 499 11077 8
776 42 10397 8
776 70 10381 8
779 40 10387 8
779 68 10371 8
780 460 20456 8
781 41 10387 8
781 69 10371 8
786 203 10554 8
788 289 11108 8
788 499 11077 8
789 275 11096 8
790 71 10587 8
793 381 1121 8
794 68 10321 8
799 63 12282 8
801 175 10416 8
802 63 10518 8
805 63 10700 8
805 496 10629 8
806 40 11922 8
806 546 11501 8
807 69 10173 8
808 63 12064 8
812 112 10435 8
814 421 10700 8
814 854 10629 8
815 43 10526 8
818 71 10676 8
818 242 10260 8
819 40 11017 8
827 347 10518 8
829 40 10916 8
830 93 10354 8
832 181 10384 8
833 84 10377 8
835 58 10210 8
841 928 11120 8
850 239 10370 8
851 68 10311 8
852 40 10327 8
852 68 10311 8
855 55 10214 8
855 62 10210 8
858 86 10330 8
861 113 10377 8
862 289 11111 8
862 429 10389 8
863 82 10387 8
867 460 20456 8
868 81 10377 8
869 54 10566 8
873 376 10558 8
873 586 10527 8
875 289 11110 8
875 429 10389 8
876 71 10587 8
879 381 11120 8
880 40 10337 8
884 40 10927 8
885 134 10370 8
886 63 10518 8
887 63 10700 8
887 496 10629 8
892 329 10638 8
892 539 10607 8
893 421 10700 8
896 71 10676 8
896 242 10260 8
897 40 11017 8
900 58 10210 8
901 68 248 8
910 175 10416 8
912 242 10260 8
913 40 11017 8
916 58 10210 8
926 134 10370 8
927 71 10676 8
927 267 10457 8
928 40 11017 8
936 134 10370 8
937 71 10676 8
937 242 10260 8
944 40 10387 8
946 134 10370 8
947 71 10676 8
947 242 10260 8
964 40 10526 8
970 276 11135 8
971 93 10354 8
978 266 11096 8
984 275 11096 8
985 108 11108 8
985 248 10389 8
986 381 11120 8
988 68 10311 8
990 404 11823 8
992 40 10916 8
993 134 10370 8
994 63 10518 8
997 63 10700 8
997 496 10629 8
998 40 11922 8
998 546 11501 8
999 63 12064 8
1004 40 10526 8
1016 93 10354 8
1022 266 11096 8
1025 275 11096 8
1026 108 11108 8
1026 248 10389 8
1027 381 11120 8
1028 68 10311 8
1030 40 10917 8
1031 134 10370 8
1032 63 10518 8
1033 496 10629 8
1035 40 10526 8
1053 266 11096 8
1056 381 11120 8
1057 68 10311 8
1060 63 10518 8
1061 58 10210 8
1062 93 10288 8
1065 40 10526 8
1068 40 10387 8
1068 68 10371 8
1070 68 10311 8
1072 63 10518 8
1075 40 10526 8
1077 40 10387 8
1077 68 10371 8
1079 68 10311 8
1081 63 10518 8
1084 40 10526 8
1086 40 10387 8
1086 68 10371 8
1091 40 10526 8
1096 40 10526 8
1104 266 11096 8
1106 108 11108 8
1106 248 10389 8
1107 40 10916 8
1108 40 11922 8
1108 546 11501 8
1111 40 1926 8
1111 546 1505 8
1113 319 782 8
1120 40 331 8
1120 68 315 8
1121 40 921 8
1122 63 524 8
1122 273 491 8
1123 63 704 8
1131 96 381 8
1136 221 1347 8
1136 249 1331 8
1138 96 381 8
1140 40 10921 8
1141 40 334 8
1143 279 456 8
1146 41 1021 8
1148 40 920 8
1150 40 921 8
1151 40 334 8
1158 40 920 8
1159 40 921 8
1160 68 318 8
1162 40 921 8
1166 40 10927 8
1166 561 10501 8
1 68 335 9
2 63 523 9
9 277 1157 9
9 281 1156 9
10 277 1160 9
12 40 1022 9
20 56 20222 9
20 87 712 9
21 56 20225 9
22 40 528 9
26 274 1102 9
26 302 1086 9
27 305 1346 9
27 449 1331 9
30 52 567 9
31 272 1446 9
32 281 1201 9
34 250 1187 9
34 278 1171 9
35 290 1180 9
36 290 1180 9
41 289 1196 9
44 40 2424 9
45 362 370 9
45 390 354 9
48 226 1107 9
48 254 1091 9
49 257 1351 9
51 256 1267 9
51 284 1251 9
52 298 1299 9
53 40 387 9
53 68 371 9
56 68 372 9
57 68 376 9
58 40 392 9
58 68 376 9
64 263 1092 9
65 235 1111 9
65 263 1095 9
67 40 351 9
68 40 351 9
69 40 351 9
71 358 1538 9
72 381 1123 9
72 591 1092 9
79 133 970 9
80 372 2779 9
80 381 2243 9
80 887 1822 9
82 40 2680 9
83 40 2696 9
89 40 941 9
90 40 941 9
95 40 2401 9
96 40 1117 9
97 40 1120 9
101 40 2483 9
101 546 2062 9
103 318 1415 9
106 302 1255 9
108 40 438 9
108 68 422 9
113 239 1007 9
116 305 1342 9
121 250 1187 9
123 305 1295 9
127 246 1147 9
129 298 1296 9
131 338 4819 9
131 483 4297 9
134 528 1421 9
139 358 1538 9
146 128 727 9
148 630 1406 9
149 40 2397 9
150 40 1117 9
152 40 2819 9
153 40 365 9
153 68 349 9
154 309 1296 9
156 40 1019 9
158 40 528 9
161 226 1108 9
163 40 389 9
163 68 373 9
171 40 1117 9
176 246 1147 9
182 40 1019 9
194 40 389 9
194 68 373 9
199 40 389 9
199 68 373 9
199 245 372 9
200 40 349 9
208 40 438 9
208 68 422 9
208 242 262 9
211 40 528 9
216 68 373 9
219 71 678 9
231 238 416 9
243 232 941 9
249 232 941 9
255 93 359 9
264 41 1022 9
265 266 1102 9
267 63 2516 9
273 353 948 9
274 275 1101 9
275 40 352 9
275 68 335 9
276 381 1125 9
279 381 2246 9
279 887 1825 9
282 888 1458 9
283 134 375 9
284 63 523 9
287 496 634 9
288 40 1927 9
288 546 1506 9
292 277 1160 9
296 56 20225 9
297 40 531 9
298 305 1346 9
298 449 1331 9
300 290 1180 9
303 40 2423 9
305 257 1351 9
307 298 1299 9
308 40 392 9
311 235 1111 9
311 263 1095 9
312 68 335 9
315 133 970 9
316 40 2680 9
319 40 2400 9
323 277 1160 9
327 56 20225 9
328 40 531 9
329 305 1346 9
329 449 1331 9
331 290 1180 9
333 257 1351 9
334 298 1299 9
335 40 392 9
337 235 1111 9
337 263 1095 9
338 68 335 9
340 133 970 9
346 56 20225 9
348 290 1180 9
351 257 1351 9
352 40 392 9
354 68 335 9
356 133 970 9
358 63 523 9
361 56 20225 9
362 40 531 9
368 133 970 9
370 63 523 9
371 496 634 9
372 40 1120 9
375 40 531 9
377 40 392 9
379 68 335 9
381 133 970 9
383 40 941 9
386 40 531 9
389 40 392 9
391 68 335 9
393 40 941 9
397 40 392 9
400 63 523 9
403 40 531 9
405 40 392 9
406 68 335 9
409 63 523 9
412 40 531 9
414 40 392 9
414 68 376 9
415 68 335 9
417 63 523 9
419 40 531 9
423 40 941 9
427 276 1140 9
428 995 778 9
429 93 359 9
437 266 1102 9
441 483 4300 9
444 353 948 9
445 275 1101 9
446 40 352 9
446 68 335 9
447 381 1123 9
447 591 1092 9
450 381 2246 9
450 887 1825 9
454 134 375 9
457 496 634 9
458 40 1927 9
458 546 1506 9
463 40 531 9
467 362 373 9
467 390 357 9
474 63 523 9
476 40 1928 9
476 546 1507 9
477 63 2069 9
481 40 531 9
485 362 373 9
485 390 357 9
487 40 392 9
491 63 523 9
493 40 1928 9
493 546 1507 9
496 40 1023 9
497 40 531 9
501 40 392 9
502 40 352 9
502 68 335 9
504 63 523 9
505 40 1928 9
505 546 1507 9
506 40 1023 9
508 40 531 9
510 40 392 9
511 40 352 9
511 68 335 9
513 63 523 9
514 40 1023 9
516 40 531 9
518 40 352 9
518 68 335 9
520 63 523 9
521 40 1022 9
523 40 531 9
526 40 941 9
527 40 531 9
529 40 352 9
529 68 335 9
531 40 941 9
533 40 531 9
536 40 352 9
536 68 335 9
537 40 941 9
538 40 1022 9
539 40 531 9
541 40 392 9
541 68 376 9
542 68 335 9
543 40 941 9
544 40 1022 9
546 40 531 9
549 68 335 9
550 40 941 9
554 276 1140 9
555 93 359 9
556 40 531 9
557 281 1200 9
561 266 1102 9
563 275 1101 9
569 134 375 9
570 40 1927 9
570 546 1506 9
571 40 531 9
574 68 335 9
575 277 1160 9
576 40 531 9
578 68 375 9
579 40 352 9
579 68 335 9
581 40 531 9
582 68 335 9
583 40 531 9
584 68 335 9
585 40 531 9
587 68 335 9
589 68 375 9
590 68 335 9
591 40 531 9
592 68 335 9
593 40 531 9
596 40 352 9
596 68 335 9
599 40 352 9
599 68 335 9
603 276 1140 9
604 40 531 9
608 257 1351 9
614 63 523 9
618 40 392 9
619 40 351 9
620 40 352 9
620 68 335 9
622 93 359 9
623 40 531 9
625 40 2423 9
627 257 1351 9
629 68 335 9
632 134 375 9
633 40 1120 9
636 40 531 9
643 134 375 9
644 63 523 9
648 93 359 9
649 40 531 9
653 68 335 9
655 133 970 9
656 496 634 9
663 133 970 9
665 63 523 9
666 40 1120 9
669 93 359 9
670 40 531 9
673 40 392 9
677 133 970 9
679 40 1120 9
680 40 531 9
681 389 431 9
683 417 415 9
684 389 431 9
684 417 415 9
685 277 11156 9
686 40 11018 9
689 56 30221 9
690 40 10527 9
691 305 11341 9
691 449 11326 9
692 281 11196 9
693 290 11176 9
696 40 12419 9
698 257 11346 9
699 298 11295 9
700 483 14296 9
704 235 11107 9
704 263 11091 9
705 40 10348 9
705 68 10331 9
706 381 11119 9
706 591 11088 9
710 133 10966 9
711 381 12242 9
711 887 11821 9
712 40 12676 9
715 40 10937 9
717 40 12396 9
723 40 10437 9
723 68 10421 9
724 277 11156 9
725 40 2018 9
731 43 11018 9
732 40 11022 9
733 41 11018 9
734 324 10937 9
735 59 11022 9
737 56 30221 9
738 40 10527 9
740 305 11351 9
740 449 11336 9
744 281 11196 9
747 290 11176 9
751 928 11119 9
752 40 12419 9
754 362 10369 9
754 390 10353 9
755 634 20260 9
761 257 11346 9
762 239 10371 9
767 298 11295 9
768 49 10527 9
775 221 10348 9
775 249 10331 9
780 264 20676 9
780 435 20260 9
782 54 10567 9
786 166 30421 9
786 586 10528 9
787 141 10966 9
788 221 10348 9
788 249 10331 9
789 235 11107 9
789 263 11091 9
790 40 10348 9
790 68 10331 9
793 381 1120 9
793 591 1089 9
795 364 11058 9
798 40 12680 9
801 134 10371 9
802 40 10937 9
804 40 12436 9
807 58 10388 9
816 40 10398 9
818 40 10437 9
818 68 10421 9
827 324 10937 9
830 56 30221 9
831 40 10527 9
832 144 30251 9
833 44 10388 9
833 72 10372 9
838 290 11186 9
841 928 11119 9
843 362 10369 9
843 390 10353 9
861 73 10388 9
861 101 10372 9
862 249 10332 9
863 42 10398 9
863 70 10382 9
866 40 10388 9
866 68 10372 9
867 264 20676 9
867 435 20260 9
868 41 10388 9
868 69 10372 9
873 203 10555 9
874 141 10966 9
875 249 10332 9
876 40 10348 9
876 68 10331 9
879 381 11119 9
879 591 11088 9
880 68 10322 9
886 40 10937 9
892 112 10436 9
893 854 10630 9
894 43 10527 9
895 40 10398 9
895 68 10382 9
896 40 10437 9
896 68 10421 9
899 40 10527 9
905 40 10388 9
905 68 10372 9
910 134 10371 9
911 40 11126 9
911 496 10640 9
912 71 10677 9
915 40 10527 9
921 40 10388 9
921 68 10372 9
927 40 10437 9
927 68 10421 9
927 242 10261 9
933 40 10388 9
933 68 10372 9
937 40 10437 9
937 68 10421 9
938 40 2018 9
940 40 10527 9
944 68 10372 9
947 40 10437 9
947 68 10421 9
949 40 10527 9
952 40 10392 9
952 68 10376 9
955 40 10527 9
958 40 10392 9
958 68 10376 9
960 40 10527 9
963 40 10388 9
963 68 10372 9
966 40 10388 9
966 68 10372 9
967 277 11156 9
968 40 11018 9
971 56 30221 9
972 40 10527 9
973 290 11176 9
976 40 12419 9
978 257 11346 9
979 298 11295 9
980 483 14296 9
984 235 11107 9
984 263 11091 9
985 40 10348 9
985 68 10331 9
986 381 11119 9
986 591 11088 9
990 381 12242 9
990 887 11821 9
991 40 12676 9
994 40 10937 9
996 40 12396 9
1002 40 11018 9
1007 40 11018 9
1009 40 11018 9
1013 277 11156 9
1014 40 11018 9
1016 56 30221 9
1017 40 10527 9
1018 290 11176 9
1020 40 12419 9
1022 257 11346 9
1025 235 11107 9
1025 263 11091 9
1026 40 10348 9
1026 68 10331 9
1027 381 11119 9
1027 591 11088 9
1032 40 10937 9
1033 40 11116 9
1038 40 10527 9
1041 40 10527 9
1046 40 11018 9
1048 40 10527 9
1049 290 11176 9
1051 40 12419 9
1053 257 11346 9
1056 381 11119 9
1056 591 11088 9
1060 40 10937 9
1062 58 10211 9
1063 40 11018 9
1072 40 10937 9
1073 40 11018 9
1081 40 10937 9
1082 40 11018 9
1089 40 11018 9
1094 40 11018 9
1100 40 10527 9
1101 305 11341 9
1101 449 11326 9
1103 40 12419 9
1104 257 11346 9
1106 40 10348 9
1106 68 10331 9
1109 40 2423 9
1110 40 2400 9
1113 93 359 9
1114 40 531 9
1119 68 335 9
1122 63 523 9
1123 496 634 9
1125 260 881 9
1127 238 4371 9
1128 221 1348 9
1128 249 1332 9
1132 40 10922 9
1134 238 4371 9
1135 221 1348 9
1135 249 1332 9
1141 68 319 9
1143 238 411 9
1149 40 392 9
1149 68 376 9
1151 68 319 9
1153 238 411 9
1154 40 532 9
1156 41 1022 9
1164 41 1022 9
1165 40 10932 9
1 40 352 10
2 40 942 10
17 236 1148 10
19 172 1044 10
21 87 716 10
25 40 10538 10
27 274 1107 10
27 302 1091 10
31 241 1207 10
31 269 1191 10
32 272 1451 10
35 250 1191 10
35 278 1175 10
36 250 1191 10
36 278 1175 10
41 263 1267 10
41 475 1142 10
41 503 1126 10
42 289 1200 10
49 226 1112 10
49 254 1096 10
52 256 1271 10
52 284 1255 10
54 338 4820 10
54 443 4307 10
54 471 4291 10
59 528 1422 10
60 528 1426 10
72 358 1542 10
76 67 568 10
85 128 728 10
86 128 4727 10
87 128 731 10
91 630 1407 10
92 630 1411 10
93 630 1411 10
102 40 366 10
102 68 350 10
103 276 1387 10
103 304 1371 10
103 309 1297 10
104 309 1301 10
105 309 1300 10
106 260 1227 10
106 288 1211 10
107 302 1259 10
109 257 1207 10
114 87 713 10
116 274 1103 10
116 302 1087 10
118 52 571 10
119 261 1247 10
121 278 1172 10
123 263 1267 10
123 289 1197 10
123 293 1196 10
127 40 1106 10
127 68 1090 10
129 256 1268 10
129 284 1252 10
130 40 388 10
130 68 372 10
134 497 1182 10
134 525 1166 10
142 372 2780 10
144 40 2697 10
148 486 1422 10
152 40 2484 10
152 546 2063 10
154 269 1307 10
155 302 1256 10
161 254 1092 10
169 128 728 10
176 226 1108 10
176 254 1092 10
219 40 439 10
219 68 423 10
237 232 772 10
251 277 1161 10
253 420 2637 10
255 56 20226 10
256 305 1347 10
256 449 1332 10
258 281 1202 10
259 290 1181 10
261 40 2425 10
263 41 1023 10
265 257 1352 10
268 298 1300 10
269 483 4301 10
270 40 393 10
270 68 377 10
274 235 1112 10
274 263 1096 10
276 381 1124 10
276 591 1093 10
279 372 2783 10
280 40 2681 10
284 40 942 10
286 40 2402 10
287 40 1121 10
289 40 2487 10
289 546 2066 10
296 87 716 10
298 274 1107 10
298 302 1091 10
300 250 1191 10
300 278 1175 10
302 289 1200 10
305 226 1112 10
305 254 1096 10
307 256 1271 10
307 284 1255 10
308 68 377 10
309 528 1426 10
312 40 352 10
318 630 1410 10
321 309 1301 10
322 302 1260 10
324 40 1023 10
327 87 716 10
329 274 1107 10
329 302 1091 10
331 250 1191 10
331 278 1175 10
333 226 1112 10
333 254 1096 10
334 256 1271 10
334 284 1255 10
335 68 377 10
338 40 352 10
344 40 1023 10
346 87 716 10
348 250 1191 10
348 278 1175 10
351 226 1112 10
351 254 1096 10
352 68 377 10
354 40 352 10
358 40 942 10
359 40 1023 10
361 87 716 10
370 40 942 10
371 40 1121 10
373 40 1023 10
377 68 377 10
379 40 352 10
384 40 1023 10
389 68 377 10
391 40 352 10
394 40 1023 10
397 68 377 10
399 133 971 10
400 40 942 10
401 40 1023 10
405 68 377 10
406 40 352 10
409 40 942 10
410 40 1023 10
415 40 352 10
417 40 942 10
420 40 393 10
420 68 377 10
424 277 1161 10
425 40 1023 10
429 56 20226 10
430 305 1347 10
430 449 1332 10
431 281 1202 10
432 290 1181 10
434 40 2425 10
437 257 1352 10
439 298 1300 10
440 483 4301 10
441 338 4823 10
442 40 393 10
442 68 377 10
445 235 1112 10
445 263 1096 10
447 358 1542 10
450 372 2783 10
451 40 2681 10
456 40 2402 10
457 40 1121 10
459 40 2487 10
459 546 2066 10
461 40 1023 10
465 290 1181 10
469 226 1113 10
470 40 393 10
470 68 377 10
474 40 942 10
477 40 2823 10
479 40 1023 10
483 290 1181 10
487 68 376 10
491 40 942 10
494 40 2487 10
494 546 2066 10
495 277 1161 10
495 281 1160 10
498 290 1181 10
501 68 376 10
504 40 942 10
509 226 1113 10
510 68 376 10
513 40 942 10
520 40 942 10
532 40 1023 10
542 40 352 10
549 40 352 10
551 277 1161 10
552 40 1023 10
555 56 20226 10
557 272 1450 10
558 290 1181 10
559 40 2425 10
561 257 1352 10
562 40 393 10
562 68 377 10
563 235 1112 10
563 263 1096 10
567 40 2681 10
574 40 352 10
582 40 352 10
584 40 352 10
587 40 352 10
590 40 352 10
592 40 352 10
602 40 1023 10
606 40 2425 10
608 226 1112 10
608 254 1096 10
609 40 393 10
609 68 377 10
609 245 376 10
613 128 731 10
614 40 942 10
615 40 1121 10
618 68 376 10
622 56 20226 10
627 226 1112 10
627 254 1096 10
629 40 352 10
634 40 1023 10
639 40 393 10
639 68 377 10
639 245 376 10
644 40 942 10
645 40 1121 10
646 40 1023 10
648 56 20226 10
652 40 393 10
652 68 377 10
652 245 376 10
653 40 352 10
656 40 1121 10
660 40 393 10
660 68 377 10
660 245 376 10
665 40 942 10
667 40 1023 10
669 56 20226 10
673 68 376 10
681 417 416 10
682 389 434 10
682 417 418 10
689 87 10712 10
691 274 11102 10
691 302 11086 10
692 272 11446 10
693 250 11187 10
693 278 11171 10
695 289 11196 10
698 226 11107 10
698 254 11091 10
699 256 11267 10
699 284 11251 10
700 338 14819 10
701 40 10389 10
701 68 10373 10
701 245 10372 10
702 528 11421 10
706 358 11538 10
711 372 12779 10
714 128 10727 10
716 630 11406 10
718 40 11117 10
720 40 12483 10
720 546 12062 10
721 309 11296 10
722 302 11255 10
730 41 11019 10
737 87 10712 10
739 144 30252 10
739 175 10742 10
740 274 11112 10
740 302 11096 10
743 52 10567 10
744 272 11446 10
747 250 11187 10
747 278 11171 10
750 289 11196 10
751 905 11538 10
761 226 11107 10
761 254 11091 10
767 256 11267 10
767 284 11251 10
778 52 11019 10
780 233 20437 10
780 261 20421 10
793 358 1539 10
799 40 12700 10
803 630 11416 10
805 40 11117 10
808 40 12483 10
808 546 12062 10
812 75 30302 10
812 106 10792 10
813 309 11296 10
814 398 11117 10
816 68 10382 10
817 302 11255 10
819 40 2019 10
823 41 11019 10
824 43 11019 10
825 40 11023 10
826 41 11019 10
828 59 11023 10
830 87 10712 10
835 52 10567 10
838 250 11197 10
838 278 11181 10
841 905 11538 10
843 362 371 10
843 390 355 10
844 357 10528 10
850 233 10727 10
855 49 10572 10
862 221 10349 10
865 52 11019 10
867 233 20437 10
867 261 20421 10
873 166 30422 10
875 221 10349 10
879 358 11538 10
881 364 11059 10
885 128 10727 10
887 40 11117 10
888 58 10392 10
893 398 11117 10
900 52 10567 10
912 40 10438 10
912 68 10422 10
916 52 10567 10
926 128 10727 10
936 128 10727 10
946 128 10727 10
971 87 10712 10
973 250 11187 10
973 278 11171 10
975 289 11196 10
978 226 11107 10
978 254 11091 10
979 256 11267 10
979 284 11251 10
980 338 14819 10
981 40 10389 10
981 68 10373 10
981 245 10372 10
982 528 11421 10
986 358 11538 10
990 372 12779 10
993 128 10727 10
995 630 11406 10
997 40 11117 10
999 40 12483 10
999 546 12062 10
1000 309 11296 10
1001 302 11255 10
1006 226 11108 10
1016 87 10712 10
1018 250 11187 10
1018 278 11171 10
1022 226 11107 10
1022 254 11091 10
1023 40 10389 10
1023 68 10373 10
1023 245 10372 10
1027 358 11538 10
1031 128 10727 10
1049 250 11187 10
1049 278 11171 10
1053 226 11107 10
1053 254 11091 10
1054 40 10389 10
1054 68 10373 10
1054 245 10372 10
1056 358 11538 10
1061 52 10567 10
1101 274 11102 10
1101 302 11086 10
1104 226 11107 10
1104 254 11091 10
1113 56 20226 10
1117 40 393 10
1117 68 377 10
1119 40 352 10
1122 40 942 10
1123 40 1121 10
1125 220 892 10
1125 248 876 10
1139 56 393 10
1139 84 377 10
1139 261 376 10
1144 40 532 10
1163 41 1023 10
9 257 1208 11
10 257 1211 11
17 264 1132 11
18 236 1152 11
26 274 1098 11
26 302 1082 11
32 241 1212 11
32 269 1196 11
41 269 1247 11
42 263 1271 11
42 475 1146 11
42 503 1130 11
48 40 1107 11
48 68 1091 11
49 40 1111 11
49 68 1095 11
53 40 386 11
53 68 370 11
59 497 1183 11
59 525 1167 11
60 497 1187 11
60 525 1171 11
64 51 1146 11
64 79 1130 11
77 67 572 11
91 486 1423 11
92 486 1427 11
93 486 1427 11
103 269 1308 11
104 269 1312 11
105 269 1311 11
107 260 1231 11
107 288 1215 11
109 237 1168 11
109 265 1152 11
112 236 1149 11
113 172 11044 11
119 55 1206 11
119 83 1190 11
123 475 1143 11
123 503 1127 11
131 443 4308 11
131 471 4292 11
148 455 1183 11
148 483 1167 11
154 297 1292 11
155 260 1228 11
155 288 1212 11
161 40 1107 11
161 68 1091 11
167 67 569 11
176 40 1107 11
176 68 1091 11
231 232 773 11
255 87 717 11
256 274 1108 11
256 302 1092 11
258 272 1452 11
259 250 1192 11
259 278 1176 11
260 289 1201 11
265 226 1113 11
265 254 1097 11
268 256 1272 11
268 284 1256 11
269 338 4824 11
271 528 1427 11
276 358 1543 11
283 128 732 11
285 630 1412 11
290 309 1302 11
291 302 1260 11
292 257 1211 11
294 236 1152 11
295 172 11044 11
302 263 1271 11
302 475 1146 11
302 503 1130 11
305 40 1111 11
305 68 1095 11
309 497 1187 11
309 525 1171 11
314 67 572 11
318 486 1426 11
321 269 1312 11
322 260 1232 11
322 288 1216 11
323 257 1211 11
326 172 11044 11
333 40 1111 11
333 68 1095 11
343 630 1412 11
351 40 1111 11
351 68 1095 11
429 87 717 11
430 274 1108 11
430 302 1092 11
431 272 1452 11
432 250 1192 11
432 278 1176 11
433 289 1201 11
437 226 1113 11
437 254 1097 11
439 256 1272 11
439 284 1256 11
440 338 4824 11
441 443 4311 11
441 471 4295 11
454 128 732 11
455 630 1412 11
460 302 1260 11
465 250 1192 11
465 278 1176 11
468 226 1114 11
469 254 1097 11
473 67 572 11
475 630 1412 11
477 40 2488 11
477 546 2067 11
478 309 1301 11
483 250 1192 11
483 278 1176 11
486 226 1114 11
490 67 572 11
492 630 1412 11
498 250 1192 11
498 278 1176 11
500 226 1114 11
509 226 1112 11
509 254 1096 11
555 87 717 11
557 241 1211 11
557 269 1195 11
558 250 1192 11
558 278 1176 11
561 226 1113 11
561 254 1097 11
566 67 572 11
569 128 732 11
575 257 1211 11
608 40 1111 11
608 68 1095 11
612 67 572 11
622 87 717 11
627 40 1111 11
627 68 1095 11
632 128 732 11
643 128 732 11
648 87 717 11
669 87 717 11
676 67 572 11
685 257 11207 11
688 236 11148 11
692 241 11207 11
692 269 11191 11
695 263 11267 11
695 475 11142 11
695 503 11126 11
698 40 11106 11
698 68 11090 11
700 443 14307 11
700 471 14291 11
702 497 11182 11
702 525 11166 11
709 67 10568 11
716 486 11422 11
721 269 11307 11
722 260 11227 11
722 288 11211 11
724 257 11207 11
728 236 11148 11
729 172 11044 11
744 241 11207 11
744 269 11191 11
750 263 11267 11
750 475 11142 11
750 503 11126 11
755 357 20628 11
761 40 11106 11
761 68 11090 11
762 233 10728 11
786 197 10913 11
797 67 10578 11
801 128 10728 11
803 486 11432 11
813 269 11307 11
817 260 11227 11
817 288 11211 11
822 172 11044 11
832 175 10743 11
883 67 10568 11
892 75 30303 11
892 106 10793 11
909 67 10568 11
910 128 10728 11
925 67 10568 11
967 257 11207 11
970 236 11148 11
975 263 11267 11
975 475 11142 11
975 503 11126 11
978 40 11106 11
978 68 11090 11
980 443 14307 11
980 471 14291 11
982 497 11182 11
982 525 11166 11
989 67 10568 11
995 486 11422 11
1000 269 11307 11
1001 260 11227 11
1001 288 11211 11
1006 254 11092 11
1013 257 11207 11
1022 40 11106 11
1022 68 11090 11
1029 67 10568 11
1053 40 11106 11
1053 68 11090 11
1058 67 10568 11
1062 52 10568 11
1071 67 10568 11
1080 67 10568 11
1088 67 10568 11
1104 40 11106 11
1104 68 11090 11
1113 87 717 11
1127 232 4728 11
1131 56 394 11
1131 84 378 11
1131 261 377 11
1133 54 10539 11
1134 232 4728 11
1138 56 394 11
1138 84 378 11
1138 261 377 11
1143 232 768 11
1153 232 768 11
9 237 1169 12
9 265 1153 12
10 237 1172 12
10 265 1156 12
17 50 1147 12
17 78 1131 12
18 264 1136 12
27 274 1103 12
27 302 1087 12
31 55 1207 12
31 83 1191 12
32 55 1211 12
32 83 1195 12
41 249 1208 12
41 277 1192 12
41 475 1138 12
41 503 1122 12
42 269 1251 12
54 257 4307 12
54 285 4291 12
65 51 1150 12
65 79 1134 12
91 455 1184 12
91 483 1168 12
92 455 1188 12
92 483 1172 12
93 455 1188 12
93 483 1172 12
103 297 1293 12
104 297 1297 12
105 297 1296 12
109 51 1167 12
109 79 1151 12
112 264 1133 12
116 223 1337 12
116 251 1321 12
116 274 1099 12
116 302 1083 12
121 66 1226 12
121 94 1210 12
123 269 1248 12
130 40 387 12
130 68 371 12
134 497 1178 12
134 525 1162 12
136 51 1147 12
136 79 1131 12
251 257 1212 12
258 241 1213 12
258 269 1197 12
260 263 1272 12
260 475 1147 12
260 503 1131 12
265 40 1112 12
265 68 1096 12
269 443 4312 12
269 471 4296 12
271 497 1188 12
271 525 1172 12
278 67 573 12
285 486 1428 12
290 269 1313 12
291 260 1232 12
291 288 1216 12
292 237 1172 12
292 265 1156 12
294 264 1136 12
298 274 1103 12
298 302 1087 12
302 269 1251 12
311 51 1150 12
311 79 1134 12
318 455 1187 12
318 483 1171 12
321 297 1297 12
323 237 1172 12
323 265 1156 12
329 274 1103 12
329 302 1087 12
337 51 1150 12
337 79 1134 12
343 486 1428 12
424 257 1212 12
427 236 1153 12
431 241 1213 12
431 269 1197 12
433 263 1272 12
433 475 1147 12
433 503 1131 12
437 40 1112 12
437 68 1096 12
440 443 4312 12
440 471 4296 12
449 67 573 12
455 486 1428 12
460 260 1232 12
460 288 1216 12
468 254 1098 12
469 40 1112 12
469 68 1096 12
475 486 1428 12
478 269 1312 12
486 254 1098 12
492 486 1428 12
495 257 1212 12
500 254 1098 12
509 40 1111 12
509 68 1095 12
551 257 1212 12
554 236 1153 12
557 55 1210 12
557 83 1194 12
561 40 1112 12
561 68 1096 12
575 237 1172 12
575 265 1156 12
603 236 1153 12
631 67 573 12
642 67 573 12
654 67 573 12
662 67 573 12
685 237 11168 12
685 265 11152 12
688 264 11132 12
691 274 11098 12
691 302 11082 12
692 55 11206 12
692 83 11190 12
695 269 11247 12
704 51 11146 12
704 79 11130 12
716 455 11183 12
716 483 11167 12
721 297 11292 12
724 237 11168 12
724 265 11152 12
728 264 11132 12
740 274 11108 12
740 302 11092 12
744 55 11206 12
744 83 11190 12
750 269 11247 12
789 51 11146 12
789 79 11130 12
803 455 11193 12
803 483 11177 12
813 297 11292 12
873 197 10914 12
967 237 11168 12
967 265 11152 12
970 264 11132 12
975 269 11247 12
984 51 11146 12
984 79 11130 12
995 455 11183 12
995 483 11167 12
1000 297 11292 12
1006 40 11107 12
1006 68 11091 12
1013 237 11168 12
1013 265 11152 12
1025 51 11146 12
1025 79 11130 12
1101 274 11098 12
1101 302 11082 12
9 51 1168 13
9 79 1152 13
10 51 1171 13
10 79 1155 13
18 50 1151 13
18 78 1135 13
26 223 1338 13
26 251 1322 13
26 274 1097 13
26 302 1081 13
27 223 1342 13
27 251 1326 13
34 66 1227 13
34 94 1211 13
35 66 1230 13
35 94 1214 13
36 66 1230 13
36 94 1214 13
41 63 1207 13
41 91 1191 13
42 249 1212 13
42 277 1196 13
42 475 1142 13
42 503 1126 13
51 72 1307 13
51 100 1291 13
59 497 1179 13
59 525 1163 13
60 497 1183 13
60 525 1167 13
112 50 1148 13
112 78 1132 13
123 249 1209 13
123 277 1193 13
123 475 1139 13
123 503 1123 13
131 257 4308 13
131 285 4292 13
148 404 1417 13
148 432 1401 13
148 455 1179 13
148 483 1163 13
154 85 1346 13
154 113 1330 13
251 237 1173 13
251 265 1157 13
256 274 1104 13
256 302 1088 13
258 55 1212 13
258 83 1196 13
260 269 1252 13
274 51 1151 13
274 79 1135 13
285 455 1189 13
285 483 1173 13
290 297 1298 13
292 51 1171 13
292 79 1155 13
294 50 1151 13
294 78 1135 13
298 223 1342 13
298 251 1326 13
300 66 1230 13
300 94 1214 13
302 249 1212 13
302 277 1196 13
302 475 1142 13
302 503 1126 13
309 497 1183 13
309 525 1167 13
323 51 1171 13
323 79 1155 13
329 223 1342 13
329 251 1326 13
331 66 1230 13
331 94 1214 13
343 455 1189 13
343 483 1173 13
348 66 1230 13
348 94 1214 13
424 237 1173 13
424 265 1157 13
427 264 1137 13
430 274 1104 13
430 302 1088 13
431 55 1212 13
431 83 1196 13
433 269 1252 13
441 257 4311 13
441 285 4295 13
445 51 1151 13
445 79 1135 13
455 455 1189 13
455 483 1173 13
468 40 1113 13
468 68 1097 13
475 455 1189 13
475 483 1173 13
478 297 1297 13
486 40 1113 13
486 68 1097 13
492 455 1189 13
492 483 1173 13
495 237 1173 13
495 265 1157 13
500 40 1113 13
500 68 1097 13
551 237 1173 13
551 265 1157 13
554 264 1137 13
563 51 1151 13
563 79 1135 13
575 51 1171 13
575 79 1155 13
603 264 1137 13
685 51 11167 13
685 79 11151 13
688 50 11147 13
688 78 11131 13
691 223 11337 13
691 251 11321 13
693 66 11226 13
693 94 11210 13
695 249 11208 13
695 277 11192 13
695 475 11138 13
695 503 11122 13
700 257 14307 13
700 285 14291 13
702 497 11178 13
702 525 11162 13
724 51 11167 13
724 79 11151 13
728 50 11147 13
728 78 11131 13
740 223 11347 13
740 251 11331 13
747 66 11226 13
747 94 11210 13
750 249 11208 13
750 277 11192 13
750 475 11138 13
750 503 11122 13
838 66 11236 13
838 94 11220 13
967 51 11167 13
967 79 11151 13
970 50 11147 13
970 78 11131 13
973 66 11226 13
973 94 11210 13
975 249 11208 13
975 277 11192 13
975 475 11138 13
975 503 11122 13
980 257 14307 13
980 285 14291 13
982 497 11178 13
982 525 11162 13
1013 51 11167 13
1013 79 11151 13
1018 66 11226 13
1018 94 11210 13
1049 66 11226 13
1049 94 11210 13
1101 223 11337 13
1101 251 11321 13
26 264 1247 14
27 274 1102 14
27 302 1086 14
41 475 1137 14
41 503 1121 14
42 63 1211 14
42 91 1195 14
52 72 1311 14
52 100 1295 14
91 404 1418 14
91 432 1402 14
91 455 1180 14
91 483 1164 14
92 404 1422 14
92 432 1406 14
92 455 1184 14
92 483 1168 14
93 404 1422 14
93 432 1406 14
93 455 1184 14
93 483 1168 14
103 85 1347 14
103 113 1331 14
104 85 1351 14
104 113 1335 14
105 85 1350 14
105 113 1334 14
106 76 1267 14
106 104 1251 14
116 274 1098 14
116 302 1082 14
123 63 1208 14
123 91 1192 14
129 72 1308 14
129 100 1292 14
134 446 1418 14
134 474 1402 14
134 497 1177 14
134 525 1161 14
251 51 1172 14
251 79 1156 14
256 223 1343 14
256 251 1327 14
259 66 1231 14
259 94 1215 14
260 249 1213 14
260 277 1197 14
260 475 1143 14
260 503 1127 14
269 257 4312 14
269 285 4296 14
271 497 1184 14
271 525 1168 14
298 274 1102 14
298 302 1086 14
302 63 1211 14
302 91 1195 14
307 72 1311 14
307 100 1295 14
318 404 1421 14
318 432 1405 14
318 455 1183 14
318 483 1167 14
321 85 1351 14
321 113 1335 14
329 274 1102 14
329 302 1086 14
334 72 1311 14
334 100 1295 14
424 51 1172 14
424 79 1156 14
427 50 1152 14
427 78 1136 14
430 223 1343 14
430 251 1327 14
432 66 1231 14
432 94 1215 14
433 249 1213 14
433 277 1197 14
433 475 1143 14
433 503 1127 14
440 257 4312 14
440 285 4296 14
465 66 1231 14
465 94 1215 14
483 66 1231 14
483 94 1215 14
495 51 1172 14
495 79 1156 14
498 66 1231 14
498 94 1215 14
551 51 1172 14
551 79 1156 14
554 50 1152 14
554 78 1136 14
558 66 1231 14
558 94 1215 14
603 50 1152 14
603 78 1136 14
691 274 11097 14
691 302 11081 14
695 63 11207 14
695 91 11191 14
699 72 11307 14
699 100 11291 14
716 404 11417 14
716 432 11401 14
716 455 11179 14
716 483 11163 14
721 85 11346 14
721 113 11330 14
740 274 11107 14
740 302 11091 14
750 63 11207 14
750 91 11191 14
767 72 11307 14
767 100 11291 14
803 404 11427 14
803 432 11411 14
803 455 11189 14
803 483 11173 14
813 85 11346 14
813 113 11330 14
975 63 11207 14
975 91 11191 14
979 72 11307 14
979 100 11291 14
995 404 11417 14
995 432 11401 14
995 455 11179 14
995 483 11163 14
1000 85 11346 14
1000 113 11330 14
1101 274 11097 14
1101 302 11081 14
27 264 1252 15
42 475 1141 15
42 503 1125 15
59 446 1419 15
59 474 1403 15
59 497 1178 15
59 525 1162 15
60 446 1423 15
60 474 1407 15
60 497 1182 15
60 525 1166 15
107 76 1271 15
107 104 1255 15
116 264 1248 15
123 475 1138 15
123 503 1122 15
134 487 1327 15
148 455 1178 15
148 483 1162 15
155 76 1268 15
155 104 1252 15
256 274 1103 15
256 302 1087 15
260 63 1212 15
260 91 1196 15
268 72 1312 15
268 100 1296 15
285 404 1423 15
285 432 1407 15
285 455 1185 15
285 483 1169 15
290 85 1352 15
290 113 1336 15
298 264 1252 15
302 475 1141 15
302 503 1125 15
309 446 1423 15
309 474 1407 15
309 497 1182 15
309 525 1166 15
322 76 1272 15
322 104 1256 15
329 264 1252 15
343 404 1423 15
343 432 1407 15
343 455 1185 15
343 483 1169 15
430 274 1103 15
430 302 1087 15
433 63 1212 15
433 91 1196 15
439 72 1312 15
439 100 1296 15
455 404 1423 15
455 432 1407 15
455 455 1185 15
455 483 1169 15
475 404 1423 15
475 432 1407 15
475 455 1185 15
475 483 1169 15
478 85 1351 15
478 113 1335 15
492 404 1423 15
492 432 1407 15
492 455 1185 15
492 483 1169 15
691 264 11247 15
695 475 11137 15
695 503 11121 15
702 446 11418 15
702 474 11402 15
702 497 11177 15
702 525 11161 15
722 76 11267 15
722 104 11251 15
740 264 11257 15
750 475 11137 15
750 503 11121 15
817 76 11267 15
817 104 11251 15
975 475 11137 15
975 503 11121 15
982 446 11418 15
982 474 11402 15
982 497 11177 15
982 525 11161 15
1001 76 11267 15
1001 104 11251 15
1101 264 11247 15
59 487 1328 16
60 487 1332 16
91 455 1179 16
91 483 1163 16
92 455 1183 16
92 483 1167 16
93 455 1183 16
93 483 1167 16
148 445 1328 16
256 264 1253 16
260 475 1142 16
260 503 1126 16
271 446 1424 16
271 474 1408 16
271 497 1183 16
271 525 1167 16
291 76 1272 16
291 104 1256 16
309 487 1332 16
318 455 1182 16
318 483 1166 16
430 264 1253 16
433 475 1142 16
433 503 1126 16
460 76 1272 16
460 104 1256 16
702 487 11327 16
716 455 11178 16
716 483 11162 16
803 455 11188 16
803 483 11172 16
982 487 11327 16
995 455 11178 16
995 483 11162 16
91 445 1329 17
92 445 1333 17
93 445 1333 17
271 487 1333 17
285 455 1184 17
285 483 1168 17
318 445 1332 17
343 455 1184 17
343 483 1168 17
455 455 1184 17
455 483 1168 17
475 455 1184 17
475 483 1168 17
492 455 1184 17
492 483 1168 17
716 445 11328 17
803 445 11338 17
995 445 11328 17
285 445 1334 18
343 445 1334 18
455 445 1334 18
475 445 1334 18
492 445 1334 18
