0 0 0 0
1 68 335 1
2 273 491 1
3 464 393 1
4 105 565 1
5 105 565 1
6 464 393 1
7 464 392 1
8 242 261 1
9 83 1152 1
10 79 1155 1
11 63 396 1
12 63 399 1
13 40 165 1
14 40 168 1
15 40 168 1
16 40 169 1
17 78 1131 1
18 78 1135 1
19 195 420 1
20 93 355 1
21 93 358 1
22 46 169 1
23 46 172 1
24 46 172 1
25 46 10100 1
26 302 1081 1
27 302 1086 1
28 68 306 1
29 68 310 1
30 58 210 1
31 269 1191 1
32 83 1195 1
33 68 245 1
34 278 1171 1
35 278 1175 1
36 278 1175 1
37 0 5 1
38 0 9 1
39 0 4 1
40 0 9 1
41 503 1121 1
42 503 1125 1
43 63 1999 1
44 63 2004 1
45 390 354 1
46 24 89 1
47 24 92 1
48 254 1091 1
49 68 1095 1
50 61 325 1
51 284 1251 1
52 284 1255 1
53 68 370 1
54 471 4291 1
55 34 170 1
56 68 372 1
57 245 376 1
58 245 376 1
59 525 1162 1
60 525 1166 1
61 61 246 1
62 61 249 1
63 61 249 1
64 263 1092 1
65 263 1095 1
66 68 331 1
67 68 334 1
68 68 334 1
69 68 334 1
70 45 506 1
71 678 915 1
72 678 919 1
73 68 311 1
74 68 314 1
75 68 314 1
76 73 208 1
77 73 212 1
78 139 609 1
79 139 613 1
80 887 1822 1
81 63 2258 1
82 63 2262 1
83 63 2278 1
84 63 498 1
85 134 371 1
86 134 4370 1
87 134 374 1
88 273 487 1
89 273 490 1
90 273 490 1
91 483 1163 1
92 483 1167 1
93 483 1167 1
94 63 1979 1
95 63 1984 1
96 496 629 1
97 496 633 1
98 546 1501 1
99 546 1505 1
100 546 1506 1
101 546 2062 1
102 68 350 1
103 297 1293 1
104 297 1297 1
105 297 1296 1
106 288 1211 1
107 288 1215 1
108 242 260 1
109 79 1151 1
110 63 397 1
111 40 166 1
112 78 1132 1
113 472 557 1
114 93 354 1
115 46 169 1
116 302 1082 1
117 68 306 1
118 58 214 1
119 83 1190 1
120 68 246 1
121 278 1172 1
122 0 5 1
123 503 1122 1
124 63 1999 1
125 390 353 1
126 24 88 1
127 68 1090 1
128 72 326 1
129 295 1252 1
130 68 371 1
131 471 4292 1
132 34 170 1
133 245 372 1
134 525 1161 1
135 61 245 1
136 263 1091 1
137 68 330 1
138 45 507 1
139 678 915 1
140 68 310 1
141 139 609 1
142 887 1821 1
143 63 2258 1
144 63 2279 1
145 63 497 1
146 134 370 1
147 273 486 1
148 483 1162 1
149 63 1980 1
150 496 630 1
151 546 1502 1
152 546 2063 1
153 68 349 1
154 297 1292 1
155 288 1212 1
156 63 395 1
157 40 164 1
158 46 168 1
159 0 5 1
160 24 90 1
161 68 1091 1
162 72 325 1
163 245 373 1
164 53 245 1
165 68 331 1
166 68 311 1
167 73 209 1
168 63 499 1
169 134 371 1
170 273 487 1
171 496 629 1
172 63 396 1
173 40 165 1
174 46 170 1
175 0 5 1
176 68 1091 1
177 68 372 1
178 68 332 1
179 68 310 1
180 63 497 1
181 496 630 1
182 63 396 1
183 40 166 1
184 46 170 1
185 0 6 1
186 68 371 1
187 68 331 1
188 68 311 1
189 63 497 1
190 63 396 1
191 40 164 1
192 46 169 1
193 0 6 1
194 245 373 1
195 68 331 1
196 68 310 1
197 63 497 1
198 0 6 1
199 245 372 1
200 68 332 1
201 68 310 1
202 0 6 1
203 68 371 1
204 68 332 1
205 68 311 1
206 63 1497 1
207 273 1487 1
208 242 262 1
209 63 396 1
210 40 165 1
211 46 169 1
212 68 305 1
213 68 246 1
214 0 6 1
215 24 20088 1
216 245 373 1
217 63 498 1
218 273 486 1
219 242 261 1
220 63 396 1
221 40 165 1
222 46 169 1
223 68 305 1
224 68 247 1
225 0 7 1
226 24 20090 1
227 68 372 1
228 63 498 1
229 273 487 1
230 40 169 1
231 238 416 1
232 78 10102 1
233 68 315 1
234 68 314 1
235 68 414 1
236 40 168 1
237 238 415 1
238 78 10103 1
239 1 9 1
240 491 10206 1
241 491 10210 1
242 78 10098 1
243 465 491 1
244 63 501 1
245 1 9 1
246 1 13 1
247 491 10211 1
248 78 10099 1
249 465 490 1
250 63 501 1
251 79 1156 1
252 40 169 1
253 443 2220 1
254 995 753 1
255 93 359 1
256 302 1087 1
257 68 311 1
258 83 1196 1
259 278 1176 1
260 503 1126 1
261 63 2005 1
262 37 10089 1
263 64 401 1
264 64 400 1
265 68 1096 1
266 125 1005 1
267 86 2099 1
268 284 1256 1
269 471 4296 1
270 245 377 1
271 525 1167 1
272 61 250 1
273 586 497 1
274 263 1096 1
275 68 335 1
276 678 920 1
277 105 570 1
278 73 213 1
279 887 1825 1
280 63 2263 1
281 63 501 1
282 888 1458 1
283 134 375 1
284 273 491 1
285 483 1168 1
286 63 1985 1
287 496 634 1
288 546 1506 1
289 546 2066 1
290 297 1298 1
291 288 1216 1
292 79 1155 1
293 40 169 1
294 78 1135 1
295 195 10420 1
296 93 358 1
297 46 173 1
298 302 1086 1
299 68 311 1
300 278 1175 1
301 0 5 1
302 503 1125 1
303 63 2003 1
304 24 92 1
305 68 1095 1
306 72 329 1
307 284 1255 1
308 245 377 1
309 525 1166 1
310 61 250 1
311 263 1095 1
312 68 335 1
313 68 315 1
314 73 212 1
315 139 613 1
316 63 2262 1
317 291 10350 1
318 483 1166 1
319 63 1983 1
320 546 1505 1
321 297 1297 1
322 288 1216 1
323 79 1155 1
324 63 400 1
325 40 168 1
326 195 10420 1
327 93 358 1
328 46 173 1
329 302 1086 1
330 68 311 1
331 278 1175 1
332 24 93 1
333 68 1095 1
334 284 1255 1
335 245 377 1
336 61 250 1
337 263 1095 1
338 68 335 1
339 68 315 1
340 139 613 1
341 63 501 1
342 291 10325 1
343 483 1168 1
344 63 400 1
345 40 169 1
346 93 358 1
347 68 311 1
348 278 1175 1
349 0 5 1
350 24 93 1
351 68 1095 1
352 245 377 1
353 61 249 1
354 68 335 1
355 68 315 1
356 139 613 1
357 63 501 1
358 273 491 1
359 63 400 1
360 40 169 1
361 93 358 1
362 46 173 1
363 68 311 1
364 0 10 1
365 24 93 1
366 61 249 1
367 68 315 1
368 139 613 1
369 63 501 1
370 273 491 1
371 496 634 1
372 496 633 1
373 63 400 1
374 40 169 1
375 46 173 1
376 0 5 1
377 245 377 1
378 53 325 1
379 68 335 1
380 68 315 1
381 139 613 1
382 63 501 1
383 273 490 1
384 63 399 1
385 40 169 1
386 46 173 1
387 0 10 1
388 24 93 1
389 245 377 1
390 53 249 1
391 68 335 1
392 68 315 1
393 273 490 1
394 63 400 1
395 40 169 1
396 24 92 1
397 245 377 1
398 68 315 1
399 139 614 1
400 273 491 1
401 63 400 1
402 40 169 1
403 46 173 1
404 24 93 1
405 245 377 1
406 68 335 1
407 68 315 1
408 63 501 1
409 273 491 1
410 63 400 1
411 40 169 1
412 46 173 1
413 0 10 1
414 245 376 1
415 68 335 1
416 68 315 1
417 273 491 1
418 40 169 1
419 46 173 1
420 245 377 1
421 68 314 1
422 63 501 1
423 273 490 1
424 79 1156 1
425 63 400 1
426 40 169 1
427 78 1136 1
428 995 778 1
429 93 359 1
430 302 1087 1
431 83 1196 1
432 278 1176 1
433 503 1126 1
434 63 2005 1
435 24 93 1
436 37 10090 1
437 68 1096 1
438 125 1005 1
439 284 1256 1
440 471 4296 1
441 471 4295 1
442 245 377 1
443 61 250 1
444 586 498 1
445 263 1096 1
446 68 335 1
447 678 919 1
448 105 570 1
449 73 213 1
450 887 1825 1
451 63 2263 1
452 63 501 1
453 888 1433 1
454 134 375 1
455 483 1168 1
456 63 1985 1
457 496 634 1
458 546 1506 1
459 546 2066 1
460 288 1216 1
461 63 400 1
462 40 169 1
463 46 173 1
464 68 310 1
465 278 1176 1
466 0 9 1
467 390 357 1
468 68 1097 1
469 68 1096 1
470 245 377 1
471 45 510 1
472 68 314 1
473 73 212 1
474 273 491 1
475 483 1168 1
476 546 1507 1
477 546 2067 1
478 297 1297 1
479 63 400 1
480 40 169 1
481 46 173 1
482 68 310 1
483 278 1176 1
484 0 10 1
485 390 357 1
486 68 1097 1
487 245 376 1
488 45 510 1
489 68 314 1
490 73 212 1
491 273 491 1
492 483 1168 1
493 546 1507 1
494 546 2066 1
495 83 1156 1
496 63 401 1
497 46 173 1
498 278 1176 1
499 0 10 1
500 68 1097 1
501 245 376 1
502 68 335 1
503 68 314 1
504 273 491 1
505 546 1507 1
506 63 401 1
507 40 169 1
508 46 173 1
509 68 1095 1
510 245 376 1
511 68 335 1
512 68 314 1
513 273 491 1
514 63 400 1
515 40 169 1
516 46 173 1
517 0 10 1
518 68 335 1
519 68 314 1
520 273 491 1
521 63 399 1
522 40 169 1
523 46 173 1
524 0 10 1
525 68 314 1
526 273 490 1
527 46 173 1
528 0 5 1
529 68 335 1
530 68 314 1
531 273 490 1
532 63 399 1
533 46 173 1
534 0 10 1
535 68 375 1
536 68 335 1
537 273 490 1
538 63 400 1
539 46 173 1
540 0 10 1
541 245 376 1
542 68 335 1
543 273 490 1
544 63 400 1
545 40 168 1
546 46 173 1
547 0 10 1
548 68 375 1
549 68 335 1
550 273 490 1
551 79 1156 1
552 63 400 1
553 40 169 1
554 78 1136 1
555 93 359 1
556 46 173 1
557 83 1194 1
558 278 1176 1
559 63 2005 1
560 24 93 1
561 68 1096 1
562 245 377 1
563 263 1096 1
564 105 570 1
565 105 569 1
566 73 212 1
567 63 2263 1
568 63 501 1
569 134 375 1
570 546 1506 1
571 46 173 1
572 0 10 1
573 68 375 1
574 68 335 1
575 79 1155 1
576 46 173 1
577 0 10 1
578 68 375 1
579 68 335 1
580 273 490 1
581 46 173 1
582 68 335 1
583 46 172 1
584 68 335 1
585 46 173 1
586 0 9 1
587 68 335 1
588 0 9 1
589 68 375 1
590 68 335 1
591 46 173 1
592 68 335 1
593 46 173 1
594 0 9 1
595 68 375 1
596 68 335 1
597 46 173 1
598 0 10 1
599 68 335 1
600 0 10 1
601 68 375 1
602 63 400 1
603 78 1136 1
604 46 173 1
605 0 10 1
606 63 2005 1
607 24 93 1
608 68 1095 1
609 245 376 1
610 61 250 1
611 68 315 1
612 73 212 1
613 134 374 1
614 273 491 1
615 496 633 1
616 546 11501 1
617 0 9 1
618 245 376 1
619 68 334 1
620 68 335 1
621 40 169 1
622 93 359 1
623 46 173 1
624 0 10 1
625 63 2003 1
626 24 93 1
627 68 1095 1
628 61 250 1
629 68 335 1
630 68 315 1
631 73 213 1
632 134 375 1
633 496 633 1
634 63 400 1
635 40 169 1
636 46 173 1
637 0 10 1
638 24 93 1
639 245 376 1
640 61 250 1
641 68 315 1
642 73 213 1
643 134 375 1
644 273 491 1
645 496 633 1
646 63 400 1
647 40 169 1
648 93 359 1
649 46 173 1
650 68 311 1
651 24 93 1
652 245 376 1
653 68 335 1
654 73 213 1
655 139 613 1
656 496 634 1
657 40 169 1
658 0 5 1
659 24 93 1
660 245 376 1
661 61 250 1
662 73 213 1
663 139 613 1
664 63 501 1
665 273 491 1
666 496 633 1
667 63 400 1
668 40 169 1
669 93 359 1
670 46 173 1
671 68 311 1
672 24 92 1
673 245 376 1
674 61 250 1
675 68 314 1
676 73 212 1
677 139 613 1
678 63 502 1
679 496 633 1
680 46 173 1
681 417 416 1
682 417 418 1
683 417 415 1
684 417 415 1
685 79 11151 1
686 63 10396 1
687 40 10165 1
688 78 11131 1
689 93 10354 1
690 46 10169 1
691 302 11081 1
692 83 11190 1
693 278 11171 1
694 0 10005 1
695 503 11121 1
696 63 11999 1
697 24 10088 1
698 68 11090 1
699 284 11251 1
700 471 14291 1
701 245 10372 1
702 525 11161 1
703 61 10245 1
704 263 11091 1
705 68 10331 1
706 678 10915 1
707 105 10565 1
708 68 10311 1
709 73 10208 1
710 139 10609 1
711 887 11821 1
712 63 12258 1
713 63 10497 1
714 134 10370 1
715 273 10486 1
716 483 11162 1
717 63 11979 1
718 496 10629 1
719 546 11501 1
720 546 12062 1
721 297 11292 1
722 288 11211 1
723 242 10260 1
724 79 11151 1
725 63 1396 1
726 40 10166 1
727 45 20506 1
728 78 11131 1
729 195 10420 1
730 64 10395 1
731 66 10396 1
732 63 10400 1
733 64 10396 1
734 557 10487 1
735 82 10400 1
736 63 10497 1
737 93 10354 1
738 46 10169 1
739 181 10385 1
740 302 11091 1
741 72 10371 1
742 68 10306 1
743 58 10210 1
744 83 11190 1
745 68 10245 1
746 71 10246 1
747 278 11171 1
748 0 10005 1
749 40 10165 1
750 503 11121 1
752 63 11999 1
753 12 10045 1
754 390 10353 1
755 634 20260 1
756 24 10088 1
757 37 10101 1
758 14 10087 1
759 63 10165 1
760 78 10098 1
761 68 11090 1
762 239 10371 1
763 68 10310 1
764 68 10310 1
765 49 10010 1
766 61 10325 1
767 284 11251 1
768 55 10169 1
769 24 10088 1
770 46 10090 1
771 114 10306 1
772 58 10165 1
773 32 10088 1
774 101 10371 1
775 249 10331 1
776 70 10381 1
777 34 10170 1
778 75 10395 1
779 68 10371 1
780 435 20260 1
781 69 10371 1
782 60 10210 1
783 10 10046 1
784 32 10101 1
785 61 10245 1
786 586 10528 1
787 147 10609 1
788 249 10331 1
789 263 11091 1
790 68 10331 1
791 45 10506 1
792 209 10565 1
793 678 916 1
794 356 10317 1
795 387 10436 1
796 68 10310 1
797 73 10218 1
798 63 12262 1
799 63 12282 1
800 63 10497 1
801 134 10371 1
802 273 10486 1
803 483 11172 1
804 63 12019 1
805 496 10629 1
806 546 11501 1
807 69 10173 1
808 546 12062 1
809 0 10006 1
810 2 10006 1
811 12 10056 1
812 112 10435 1
813 297 11292 1
814 854 10629 1
815 49 10169 1
816 68 10382 1
817 288 11211 1
818 242 10260 1
819 63 1395 1
820 40 10165 1
821 45 20506 1
822 195 10420 1
823 64 10396 1
824 66 10396 1
825 63 10400 1
826 64 10395 1
827 557 10486 1
828 82 10400 1
829 63 10498 1
830 93 10354 1
831 46 10168 1
832 181 10384 1
833 72 10372 1
834 68 10306 1
835 58 10210 1
836 68 10245 1
837 63 10245 1
838 278 11181 1
839 0 10006 1
840 40 10164 1
842 12 10046 1
843 390 355 1
844 363 10169 1
845 24 10088 1
846 37 10100 1
847 14 10086 1
848 63 10164 1
849 78 10099 1
850 239 10370 1
851 68 10311 1
852 68 10311 1
853 49 10006 1
854 61 10325 1
855 62 10210 1
856 24 10089 1
857 46 10089 1
858 114 10306 1
859 58 10166 1
860 32 10089 1
861 101 10372 1
862 249 10332 1
863 70 10382 1
864 34 10170 1
865 75 10396 1
866 245 10372 1
867 435 20260 1
868 69 10372 1
869 60 10209 1
870 10 10050 1
871 32 10100 1
872 61 10245 1
873 586 10527 1
874 147 10609 1
875 249 10332 1
876 68 10331 1
877 45 10506 1
878 209 10565 1
879 678 10915 1
880 356 10316 1
881 387 10436 1
882 68 10310 1
883 73 10208 1
884 63 10507 1
885 134 10370 1
886 273 10486 1
887 496 10629 1
888 69 10169 1
889 0 10006 1
890 2 10006 1
891 12 10056 1
892 112 10436 1
893 854 10630 1
894 49 10170 1
895 245 10382 1
896 242 10260 1
897 63 10396 1
898 40 10164 1
899 46 10168 1
900 58 10210 1
901 68 248 1
902 0 10006 1
903 24 10088 1
904 34 10170 1
905 245 10372 1
906 61 10245 1
907 45 10506 1
908 68 10310 1
909 73 10208 1
910 134 10371 1
911 496 10640 1
912 242 10260 1
913 63 10396 1
914 40 10164 1
915 46 10169 1
916 58 10210 1
917 68 247 1
918 0 10006 1
919 24 10088 1
920 34 10170 1
921 68 10372 1
922 61 40245 1
923 45 10506 1
924 68 10310 1
925 73 10208 1
926 134 10370 1
927 242 10261 1
928 63 10396 1
929 40 10164 1
930 68 10245 1
931 0 10006 1
932 24 10088 1
933 68 10372 1
934 61 40245 1
935 68 10320 1
936 134 10370 1
937 242 10260 1
938 63 1396 1
939 40 10164 1
940 46 10169 1
941 68 10245 1
942 0 10006 1
943 24 10089 1
944 68 10372 1
945 68 10320 1
946 134 10370 1
947 242 10260 1
948 40 10165 1
949 46 10168 1
950 0 10006 1
951 24 10089 1
952 68 10376 1
953 68 10310 1
954 40 10164 1
955 46 10169 1
956 0 10010 1
957 24 10088 1
958 68 10376 1
959 68 10310 1
960 46 10169 1
961 0 10006 1
962 24 10088 1
963 68 10372 1
964 46 10169 1
965 0 10006 1
966 68 10372 1
967 79 11151 1
968 63 10396 1
969 40 10165 1
970 78 11131 1
971 93 10354 1
972 46 10169 1
973 278 11171 1
974 0 10005 1
975 503 11121 1
976 63 11999 1
977 24 10088 1
978 68 11090 1
979 284 11251 1
980 471 14291 1
981 245 10372 1
982 525 11161 1
983 61 10245 1
984 263 11091 1
985 68 10331 1
986 678 10915 1
987 105 10565 1
988 68 10311 1
989 73 10208 1
990 887 11821 1
991 63 12258 1
992 63 10497 1
993 134 10370 1
994 273 10486 1
995 483 11162 1
996 63 11979 1
997 496 10629 1
998 546 11501 1
999 546 12062 1
1000 297 11292 1
1001 288 11211 1
1002 63 10396 1
1003 40 10164 1
1004 46 10169 1
1005 0 10006 1
1006 68 11091 1
1007 63 10396 1
1008 40 10164 1
1009 63 10396 1
1010 40 10164 1
1011 40 10164 1
1012 40 10164 1
1013 79 11151 1
1014 63 10396 1
1015 40 10165 1
1016 93 10354 1
1017 46 10169 1
1018 278 11171 1
1019 0 10005 1
1020 63 11999 1
1021 24 10088 1
1022 68 11090 1
1023 245 10372 1
1024 61 10245 1
1025 263 11091 1
1026 68 10331 1
1027 678 10915 1
1028 68 10311 1
1029 73 10208 1
1030 63 10497 1
1031 134 10370 1
1032 273 10486 1
1033 496 10629 1
1034 40 10165 1
1035 46 10169 1
1036 0 10006 1
1037 40 10165 1
1038 46 10169 1
1039 0 10006 1
1040 24 10088 1
1041 46 10169 1
1042 0 10006 1
1043 24 10088 1
1044 24 10099 1
1045 24 10089 1
1046 63 10396 1
1047 40 10165 1
1048 46 10169 1
1049 278 11171 1
1050 0 10006 1
1051 63 11999 1
1052 24 10088 1
1053 68 11090 1
1054 245 10372 1
1055 61 10245 1
1056 678 10915 1
1057 68 10311 1
1058 73 10208 1
1059 63 10497 1
1060 273 10486 1
1061 58 10210 1
1062 58 10211 1
1063 63 10396 1
1064 40 10164 1
1065 46 10169 1
1066 0 10005 1
1067 24 10088 1
1068 68 10371 1
1069 61 10245 1
1070 68 10311 1
1071 73 10208 1
1072 273 10486 1
1073 63 10396 1
1074 40 10164 1
1075 46 10169 1
1076 0 10005 1
1077 68 10371 1
1078 61 10245 1
1079 68 10311 1
1080 73 10208 1
1081 273 10486 1
1082 63 10396 1
1083 40 10164 1
1084 46 10169 1
1085 0 10006 1
1086 68 10371 1
1087 61 10245 1
1088 73 10208 1
1089 63 10396 1
1090 40 10164 1
1091 46 10169 1
1092 0 10006 1
1093 61 10245 1
1094 63 10396 1
1095 40 10164 1
1096 46 10169 1
1097 0 10006 1
1098 61 10245 1
1099 40 40164 1
1100 46 10169 1
1101 302 11081 1
1102 0 10005 1
1103 63 11999 1
1104 68 11090 1
1105 61 40245 1
1106 68 10331 1
1107 63 10498 1
1108 546 11501 1
1109 63 2003 1
1110 63 1983 1
1111 546 1505 1
1112 40 169 1
1113 93 359 1
1114 46 173 1
1115 0 10 1
1116 24 93 1
1117 245 377 1
1118 61 250 1
1119 68 335 1
1120 68 315 1
1121 63 501 1
1122 273 491 1
1123 496 634 1
1124 636 249 1
1125 425 876 1
1126 40 170 1
1127 238 4371 1
1128 249 1332 1
1129 45 511 1
1130 45 510 1
1131 261 377 1
1132 63 10502 1
1133 60 10101 1
1134 238 4371 1
1135 249 1332 1
1136 249 1331 1
1137 45 511 1
1138 261 377 1
1139 261 376 1
1140 63 10501 1
1141 112 310 1
1142 40 170 1
1143 238 411 1
1144 46 173 1
1145 1 10 1
1146 64 400 1
1147 61 329 1
1148 63 501 1
1149 245 376 1
1150 63 501 1
1151 112 310 1
1152 40 168 1
1153 238 411 1
1154 46 172 1
1155 1 9 1
1156 64 400 1
1157 61 329 1
1158 63 501 1
1159 63 501 1
1160 112 310 1
1161 61 329 1
1162 63 501 1
1163 64 399 1
1164 64 400 1
1165 561 10496 1
1166 561 10501 1
1 40 352 2
2 63 523 2
4 97 566 2
5 97 566 2
8 40 437 2
8 68 421 2
9 78 1932 2
9 79 1152 2
10 74 1935 2
17 73 1911 2
18 73 1915 2
20 56 20222 2
21 56 20225 2
26 274 1097 2
27 274 1102 2
28 40 329 2
29 40 333 2
31 83 1191 2
32 78 1975 2
34 94 1211 2
35 94 1214 2
36 94 1214 2
41 91 1191 2
41 475 1137 2
42 91 1195 2
42 475 1141 2
45 362 370 2
48 68 1091 2
49 63 1875 2
51 100 1291 2
52 100 1295 2
53 40 386 2
54 285 4291 2
56 63 1152 2
57 68 376 2
58 68 376 2
59 497 1178 2
60 497 1182 2
61 53 246 2
62 53 250 2
63 53 249 2
64 79 1130 2
65 79 1134 2
66 40 348 2
67 40 351 2
68 40 351 2
69 40 351 2
71 381 1119 2
71 591 1088 2
72 381 1123 2
72 591 1092 2
73 40 327 2
74 40 330 2
75 40 330 2
80 395 2359 2
80 404 1824 2
88 63 518 2
89 63 522 2
90 63 522 2
91 455 1179 2
92 455 1183 2
93 455 1183 2
96 63 700 2
97 63 703 2
98 63 1503 2
99 63 1507 2
100 63 1508 2
101 63 2064 2
102 40 366 2
103 113 1331 2
104 113 1335 2
105 113 1334 2
106 104 1251 2
107 104 1255 2
108 40 438 2
108 68 422 2
109 74 1931 2
112 73 1912 2
113 195 10420 2
113 262 588 2
114 56 20221 2
116 274 1098 2
117 40 330 2
119 78 1970 2
121 94 1210 2
123 91 1192 2
123 475 1138 2
125 362 369 2
127 63 1870 2
128 61 326 2
129 111 1292 2
129 284 1252 2
130 40 387 2
131 285 4292 2
133 68 372 2
134 497 1177 2
135 53 246 2
136 79 1131 2
137 40 347 2
139 381 1119 2
139 591 1088 2
140 40 326 2
142 395 2360 2
142 404 1823 2
147 63 518 2
148 455 1178 2
150 63 700 2
151 63 1504 2
152 63 2065 2
153 40 365 2
154 113 1330 2
155 104 1252 2
161 63 1871 2
162 61 326 2
163 68 373 2
165 40 348 2
166 40 326 2
170 63 518 2
171 63 700 2
176 63 1871 2
177 63 1150 2
178 40 348 2
179 40 327 2
181 63 699 2
186 63 1151 2
187 40 347 2
188 40 326 2
194 68 373 2
195 40 348 2
196 40 325 2
199 68 373 2
200 40 349 2
201 40 326 2
203 63 1150 2
204 40 348 2
205 40 327 2
207 63 1517 2
208 40 438 2
208 68 422 2
212 40 330 2
216 68 373 2
218 63 518 2
219 40 439 2
219 68 423 2
223 40 330 2
227 63 1152 2
229 63 517 2
233 40 330 2
234 40 330 2
235 40 430 2
243 255 522 2
249 255 522 2
251 74 1936 2
255 56 20226 2
256 274 1103 2
257 40 334 2
258 78 1976 2
259 94 1215 2
260 91 1196 2
260 475 1142 2
265 63 1876 2
268 100 1296 2
269 285 4296 2
270 68 377 2
271 497 1183 2
272 53 250 2
273 376 529 2
274 79 1135 2
275 40 352 2
276 381 1124 2
276 591 1093 2
277 97 571 2
279 395 2363 2
279 404 1827 2
284 63 523 2
285 455 1184 2
287 63 704 2
288 63 1508 2
289 63 2068 2
290 113 1336 2
291 104 1256 2
292 74 1935 2
294 73 1915 2
296 56 20225 2
298 274 1102 2
299 40 334 2
300 94 1214 2
302 91 1195 2
302 475 1141 2
305 63 1875 2
306 61 329 2
307 100 1295 2
308 68 377 2
309 497 1182 2
310 53 250 2
311 79 1134 2
312 40 352 2
313 40 331 2
318 455 1182 2
320 63 1507 2
321 113 1335 2
322 104 1256 2
323 74 1935 2
327 56 20225 2
329 274 1102 2
330 40 334 2
331 94 1214 2
333 63 1875 2
334 100 1295 2
335 68 377 2
336 53 251 2
337 79 1134 2
338 40 352 2
339 40 331 2
343 455 1184 2
346 56 20225 2
347 40 334 2
348 94 1214 2
351 63 1875 2
352 68 377 2
353 53 250 2
354 40 352 2
355 40 331 2
358 63 523 2
361 56 20225 2
363 40 334 2
366 53 250 2
367 40 331 2
370 63 523 2
371 63 704 2
372 63 703 2
377 68 377 2
379 40 352 2
380 40 331 2
383 63 522 2
389 68 377 2
391 40 352 2
392 40 331 2
393 63 522 2
397 68 377 2
398 40 331 2
400 63 523 2
405 68 377 2
406 40 352 2
407 40 331 2
409 63 523 2
414 68 376 2
415 40 352 2
416 40 331 2
417 63 523 2
420 68 377 2
421 40 331 2
423 63 522 2
424 74 1936 2
427 73 1916 2
429 56 20226 2
430 274 1103 2
431 78 1976 2
432 94 1215 2
433 91 1196 2
433 475 1142 2
437 63 1876 2
439 100 1296 2
440 285 4296 2
441 285 4295 2
442 68 377 2
443 53 250 2
444 376 529 2
445 79 1135 2
446 40 352 2
447 381 1123 2
447 591 1092 2
448 97 571 2
450 395 2363 2
450 404 1827 2
455 455 1184 2
457 63 704 2
458 63 1508 2
459 63 2068 2
460 104 1256 2
464 40 333 2
465 94 1215 2
467 362 373 2
468 63 1877 2
469 63 1876 2
470 68 377 2
472 40 331 2
474 63 523 2
475 455 1184 2
476 63 1509 2
477 63 2069 2
478 113 1335 2
482 40 333 2
483 94 1215 2
485 362 373 2
486 63 1877 2
487 68 376 2
489 40 330 2
491 63 523 2
492 455 1184 2
493 63 1509 2
494 63 2068 2
495 78 1936 2
495 79 1156 2
498 94 1215 2
500 63 1877 2
501 68 376 2
502 40 352 2
503 40 330 2
504 63 523 2
505 63 1509 2
509 63 1875 2
510 68 376 2
511 40 352 2
512 40 330 2
513 63 523 2
518 40 352 2
519 40 330 2
520 63 523 2
525 40 330 2
526 63 522 2
529 40 352 2
530 40 329 2
531 63 522 2
535 63 1154 2
536 40 352 2
537 63 522 2
541 68 376 2
542 40 352 2
543 63 522 2
548 63 1154 2
549 40 352 2
550 63 522 2
551 74 1936 2
554 73 1916 2
555 56 20226 2
557 78 1974 2
558 94 1215 2
561 63 1876 2
562 68 377 2
563 79 1135 2
564 97 571 2
565 97 570 2
570 63 1508 2
573 63 1154 2
574 40 352 2
575 74 1935 2
578 63 1154 2
579 40 352 2
580 63 521 2
582 40 352 2
584 40 352 2
587 40 352 2
589 63 1154 2
590 40 352 2
592 40 352 2
595 63 1155 2
596 40 352 2
599 40 352 2
601 63 1155 2
603 73 1916 2
608 63 1875 2
609 68 377 2
610 53 250 2
611 40 331 2
614 63 523 2
615 63 704 2
616 63 11503 2
618 68 376 2
619 40 351 2
620 40 352 2
622 56 20226 2
627 63 1875 2
628 53 250 2
629 40 352 2
630 40 331 2
633 63 703 2
639 68 377 2
640 53 250 2
641 40 331 2
644 63 523 2
645 63 704 2
648 56 20226 2
650 40 334 2
652 68 377 2
653 40 352 2
656 63 704 2
660 68 377 2
661 53 251 2
665 63 523 2
666 63 703 2
669 56 20226 2
671 40 334 2
673 68 376 2
674 53 250 2
675 40 331 2
679 63 703 2
681 389 431 2
682 389 434 2
683 389 430 2
684 389 431 2
685 74 11931 2
688 73 11911 2
689 56 30221 2
691 274 11097 2
692 78 11970 2
693 94 11210 2
695 91 11191 2
695 475 11137 2
698 63 11870 2
699 100 11291 2
700 285 14291 2
701 68 10373 2
702 497 11177 2
703 53 10246 2
704 79 11130 2
705 40 10348 2
706 381 11119 2
706 591 11088 2
707 97 10566 2
708 40 10326 2
711 395 12359 2
711 404 11823 2
715 63 10518 2
716 455 11178 2
718 63 10700 2
719 63 11503 2
720 63 12064 2
721 113 11330 2
722 104 11251 2
723 40 10437 2
723 68 10421 2
724 74 11931 2
728 73 11911 2
734 347 10518 2
737 56 30221 2
739 144 30252 2
740 274 11107 2
741 67 11151 2
742 40 10329 2
744 78 11970 2
746 63 10246 2
747 94 11210 2
750 91 11191 2
750 475 11137 2
751 928 11119 2
754 362 10369 2
755 363 20269 2
761 63 11870 2
763 40 10325 2
764 40 10325 2
767 100 11291 2
771 86 10329 2
774 96 11151 2
775 221 10348 2
776 65 11161 2
779 63 11151 2
780 233 20437 2
780 261 20421 2
781 64 11151 2
785 53 10246 2
786 166 30421 2
786 203 10554 2
788 221 10348 2
789 79 11130 2
790 40 10348 2
792 201 10566 2
793 381 1120 2
793 591 1089 2
794 40 10336 2
794 68 10321 2
796 40 10326 2
802 63 10518 2
803 455 11188 2
805 63 10700 2
806 63 11503 2
808 63 12064 2
812 75 30302 2
813 113 11330 2
814 421 10700 2
816 63 11162 2
817 104 11251 2
818 40 10437 2
818 68 10421 2
827 347 10518 2
830 56 30221 2
832 144 30251 2
833 67 11152 2
834 40 10329 2
838 94 11220 2
841 928 11119 2
843 362 371 2
851 40 10326 2
852 40 10327 2
855 55 10214 2
858 86 10330 2
861 96 11152 2
862 221 10349 2
863 65 11162 2
866 68 10372 2
867 233 20437 2
867 261 20421 2
868 64 11152 2
872 53 10246 2
873 166 30422 2
873 203 10555 2
875 221 10349 2
876 40 10348 2
878 201 10566 2
879 381 11119 2
879 591 11088 2
880 40 10337 2
880 68 10322 2
882 40 10326 2
886 63 10518 2
887 63 10700 2
892 75 30303 2
893 421 10700 2
895 68 10382 2
896 40 10437 2
896 68 10421 2
905 68 10372 2
906 53 10246 2
908 40 10326 2
911 63 10709 2
912 40 10438 2
912 68 10422 2
921 63 11152 2
922 53 40246 2
924 40 10326 2
927 40 10437 2
927 68 10421 2
933 63 11152 2
934 53 40245 2
935 40 10336 2
937 40 10437 2
937 68 10421 2
944 63 11150 2
945 40 10335 2
947 40 10437 2
947 68 10421 2
952 63 11156 2
953 40 10326 2
958 63 11156 2
959 40 10325 2
963 63 11152 2
966 63 11152 2
967 74 11931 2
970 73 11911 2
971 56 30221 2
973 94 11210 2
975 91 11191 2
975 475 11137 2
978 63 11870 2
979 100 11291 2
980 285 14291 2
981 68 10373 2
982 497 11177 2
983 53 10246 2
984 79 11130 2
985 40 10348 2
986 381 11119 2
986 591 11088 2
987 97 10566 2
988 40 10326 2
990 395 12359 2
990 404 11823 2
994 63 10518 2
995 455 11178 2
997 63 10700 2
998 63 11503 2
999 63 12064 2
1000 113 11330 2
1001 104 11251 2
1006 63 11871 2
1013 74 11931 2
1016 56 30221 2
1018 94 11210 2
1022 63 11870 2
1023 68 10373 2
1024 53 10246 2
1025 79 11130 2
1026 40 10348 2
1027 381 11119 2
1027 591 11088 2
1028 40 10326 2
1032 63 10518 2
1033 63 10699 2
1049 94 11210 2
1053 63 11870 2
1054 68 10373 2
1055 53 10246 2
1056 381 11119 2
1056 591 11088 2
1057 40 10326 2
1060 63 10518 2
1068 63 11151 2
1069 53 10246 2
1070 40 10326 2
1072 63 10518 2
1077 63 11151 2
1078 53 10246 2
1079 40 10326 2
1081 63 10518 2
1086 63 11151 2
1087 53 10246 2
1093 53 10246 2
1098 53 10246 2
1101 274 11097 2
1104 63 11870 2
1105 53 40246 2
1106 40 10348 2
1108 63 11503 2
1111 63 1507 2
1113 56 20226 2
1117 68 377 2
1118 53 250 2
1119 40 352 2
1120 40 331 2
1122 63 523 2
1123 63 704 2
1124 628 250 2
1125 248 876 2
1128 221 1348 2
1131 84 378 2
1135 221 1348 2
1136 221 1347 2
1138 84 378 2
1139 84 377 2
1141 68 319 2
1149 68 376 2
1151 68 319 2
1160 68 318 2
1165 63 10512 2
1166 63 10507 2
2 40 942 3
9 55 1168 3
10 51 1171 3
11 40 1018 3
12 40 1022 3
17 50 1147 3
18 50 1151 3
19 172 1044 3
20 87 712 3
21 87 716 3
22 40 528 3
23 40 530 3
24 40 530 3
25 40 10538 3
30 52 567 3
31 55 1207 3
32 55 1211 3
34 89 1991 3
34 250 1187 3
35 89 1994 3
35 250 1191 3
36 89 1994 3
36 250 1191 3
41 86 1971 3
42 86 1975 3
43 40 2419 3
44 40 2424 3
48 40 1107 3
49 40 1111 3
51 95 2071 3
51 256 1267 3
52 95 2075 3
52 256 1271 3
54 257 4307 3
56 40 388 3
57 40 391 3
58 40 392 3
64 74 1910 3
64 235 1107 3
65 74 1914 3
65 235 1111 3
71 358 1538 3
72 358 1542 3
78 133 966 3
79 133 970 3
80 381 2243 3
81 40 2676 3
82 40 2680 3
83 40 2696 3
84 40 917 3
88 40 937 3
89 40 941 3
90 40 941 3
94 40 2396 3
95 40 2401 3
98 40 1922 3
99 40 1926 3
100 40 1927 3
101 40 2483 3
103 108 2111 3
103 269 1308 3
104 108 2115 3
104 269 1312 3
105 108 2114 3
105 269 1311 3
106 99 2031 3
106 260 1227 3
107 99 2035 3
107 260 1231 3
109 51 1167 3
110 40 1018 3
112 50 1148 3
113 239 1007 3
114 87 713 3
115 40 527 3
116 251 1321 3
118 52 571 3
119 55 1206 3
121 89 1990 3
121 250 1187 3
123 86 1972 3
124 40 2419 3
127 40 1106 3
129 100 1292 3
129 267 1268 3
131 257 4308 3
133 40 388 3
136 74 1911 3
136 235 1107 3
139 358 1538 3
141 133 966 3
142 381 2242 3
143 40 2677 3
144 40 2697 3
145 40 917 3
147 40 937 3
149 40 2397 3
151 40 1923 3
152 40 2484 3
154 108 2110 3
154 269 1307 3
155 99 2032 3
155 260 1228 3
156 40 1019 3
158 40 528 3
161 40 1107 3
163 40 389 3
168 40 916 3
170 40 937 3
172 40 1018 3
174 40 527 3
176 40 1107 3
177 40 387 3
180 40 916 3
182 40 1019 3
184 40 527 3
186 40 387 3
189 40 917 3
190 40 1018 3
192 40 526 3
194 40 389 3
197 40 917 3
199 63 1152 3
203 40 387 3
206 40 1916 3
207 40 1936 3
209 40 1018 3
211 40 528 3
216 40 388 3
217 40 917 3
218 40 937 3
220 40 1017 3
222 40 527 3
227 40 388 3
228 40 917 3
229 40 936 3
243 232 941 3
244 40 920 3
249 232 941 3
250 40 920 3
251 51 1172 3
253 420 2637 3
255 87 717 3
258 55 1212 3
259 89 1995 3
259 250 1192 3
260 86 1976 3
261 40 2425 3
263 41 1023 3
264 41 1022 3
265 40 1112 3
267 63 2516 3
268 95 2076 3
268 256 1272 3
269 257 4312 3
270 40 393 3
273 353 948 3
274 74 1915 3
274 235 1112 3
276 358 1543 3
279 381 2246 3
280 40 2681 3
281 40 921 3
284 40 942 3
286 40 2402 3
288 40 1927 3
289 40 2487 3
290 108 2116 3
290 269 1313 3
291 99 2036 3
291 260 1232 3
292 51 1171 3
294 50 1151 3
296 87 716 3
297 40 531 3
300 89 1994 3
300 250 1191 3
302 86 1975 3
303 40 2423 3
305 40 1111 3
307 95 2075 3
307 256 1271 3
308 40 392 3
311 74 1914 3
311 235 1111 3
315 133 970 3
316 40 2680 3
319 40 2400 3
320 40 1926 3
321 108 2115 3
321 269 1312 3
322 99 2036 3
322 260 1232 3
323 51 1171 3
324 40 1023 3
327 87 716 3
328 40 531 3
331 89 1994 3
331 250 1191 3
333 40 1111 3
334 95 2075 3
334 256 1271 3
335 40 392 3
337 74 1914 3
337 235 1111 3
340 133 970 3
341 40 921 3
344 40 1023 3
346 87 716 3
348 89 1994 3
348 250 1191 3
351 40 1111 3
352 40 392 3
356 133 970 3
357 40 921 3
358 40 942 3
359 40 1023 3
361 87 716 3
362 40 531 3
368 133 970 3
369 40 920 3
370 40 942 3
373 40 1023 3
375 40 531 3
377 40 392 3
381 133 970 3
382 40 920 3
383 40 941 3
384 40 1023 3
386 40 531 3
389 40 392 3
393 40 941 3
394 40 1023 3
397 40 392 3
399 133 971 3
400 40 942 3
401 40 1023 3
403 40 531 3
405 40 392 3
408 40 920 3
409 40 942 3
410 40 1023 3
412 40 531 3
414 40 392 3
417 40 942 3
419 40 531 3
420 40 393 3
422 40 920 3
423 40 941 3
424 51 1172 3
425 40 1023 3
427 50 1152 3
429 87 717 3
431 55 1212 3
432 89 1995 3
432 250 1192 3
433 86 1976 3
434 40 2425 3
437 40 1112 3
439 95 2076 3
439 256 1272 3
440 257 4312 3
441 257 4311 3
442 40 393 3
444 353 948 3
445 74 1915 3
445 235 1112 3
447 358 1542 3
450 381 2246 3
451 40 2681 3
452 40 921 3
456 40 2402 3
458 40 1927 3
459 40 2487 3
460 99 2036 3
460 260 1232 3
461 40 1023 3
463 40 531 3
465 89 1995 3
465 250 1192 3
468 40 1113 3
469 40 1112 3
470 40 393 3
474 40 942 3
476 40 1928 3
477 40 2488 3
478 108 2115 3
478 269 1312 3
479 40 1023 3
481 40 531 3
483 89 1995 3
483 250 1192 3
486 40 1113 3
487 40 392 3
491 40 942 3
493 40 1928 3
494 40 2487 3
495 55 1172 3
496 40 1023 3
497 40 531 3
498 89 1995 3
498 250 1192 3
500 40 1113 3
501 40 392 3
504 40 942 3
505 40 1928 3
506 40 1023 3
508 40 531 3
509 40 1111 3
510 40 392 3
513 40 942 3
514 40 1023 3
516 40 531 3
520 40 942 3
521 40 1022 3
523 40 531 3
526 40 941 3
527 40 531 3
531 40 941 3
532 40 1023 3
533 40 531 3
535 40 391 3
537 40 941 3
538 40 1022 3
539 40 531 3
541 40 392 3
543 40 941 3
544 40 1022 3
546 40 531 3
548 40 391 3
550 40 941 3
551 51 1172 3
552 40 1023 3
554 50 1152 3
555 87 717 3
556 40 531 3
557 55 1210 3
558 89 1995 3
558 250 1192 3
559 40 2425 3
561 40 1112 3
562 40 393 3
563 74 1915 3
563 235 1112 3
567 40 2681 3
568 40 920 3
570 40 1927 3
571 40 531 3
573 40 391 3
575 51 1171 3
576 40 531 3
578 40 391 3
580 40 940 3
581 40 531 3
583 40 531 3
585 40 531 3
589 40 391 3
591 40 531 3
593 40 531 3
595 40 391 3
597 40 530 3
601 40 391 3
602 40 1023 3
603 50 1152 3
604 40 531 3
606 40 2425 3
608 40 1111 3
609 63 1156 3
614 40 942 3
616 40 11922 3
618 40 392 3
622 87 717 3
623 40 531 3
625 40 2423 3
627 40 1111 3
634 40 1023 3
636 40 531 3
639 63 1156 3
644 40 942 3
646 40 1023 3
648 87 717 3
649 40 531 3
652 63 1156 3
655 133 970 3
660 63 1156 3
663 133 970 3
664 40 921 3
665 40 942 3
667 40 1023 3
669 87 717 3
670 40 531 3
673 40 392 3
677 133 970 3
678 40 920 3
680 40 531 3
685 51 11167 3
686 40 11018 3
688 50 11147 3
689 87 10712 3
690 40 10527 3
692 55 11206 3
693 89 11990 3
693 250 11187 3
695 86 11971 3
696 40 12419 3
698 40 11106 3
699 95 12071 3
699 256 11267 3
700 257 14307 3
701 63 11152 3
704 74 11910 3
704 235 11107 3
706 358 11538 3
710 133 10966 3
711 381 12242 3
712 40 12676 3
713 40 10917 3
715 40 10937 3
717 40 12396 3
719 40 11922 3
720 40 12483 3
721 108 12110 3
721 269 11307 3
722 99 12031 3
722 260 11227 3
724 51 11167 3
725 40 2018 3
728 50 11147 3
730 41 11019 3
731 43 11018 3
732 40 11022 3
733 41 11018 3
734 324 10937 3
735 59 11022 3
736 40 10917 3
737 87 10712 3
738 40 10527 3
739 175 10742 3
741 44 10387 3
743 52 10567 3
744 55 11206 3
747 89 11990 3
747 250 11187 3
750 86 11971 3
751 905 11538 3
752 40 12419 3
761 40 11106 3
767 95 12071 3
767 256 11267 3
768 49 10527 3
774 73 10387 3
776 42 10397 3
778 52 11019 3
779 40 10387 3
781 41 10387 3
786 197 10913 3
787 141 10966 3
789 74 11910 3
789 235 11107 3
793 358 1539 3
795 364 11058 3
798 40 12680 3
799 40 12700 3
800 40 10916 3
802 40 10937 3
804 40 12436 3
806 40 11922 3
807 58 10388 3
808 40 12483 3
812 106 10792 3
813 108 12110 3
813 269 11307 3
815 43 10526 3
816 40 10398 3
817 99 12031 3
817 260 11227 3
819 40 2019 3
823 41 11019 3
824 43 11019 3
825 40 11023 3
826 41 11019 3
827 324 10937 3
828 59 11023 3
829 40 10916 3
830 87 10712 3
831 40 10527 3
832 175 10743 3
833 44 10388 3
835 52 10567 3
838 89 12000 3
838 250 11197 3
841 905 11538 3
844 357 10528 3
861 73 10388 3
863 42 10398 3
865 52 11019 3
866 40 10388 3
868 41 10388 3
873 197 10914 3
874 141 10966 3
879 358 11538 3
881 364 11059 3
884 40 10927 3
886 40 10937 3
888 58 10392 3
892 106 10793 3
894 43 10527 3
895 40 10398 3
897 40 11017 3
899 40 10527 3
900 52 10567 3
905 40 10388 3
913 40 11017 3
915 40 10527 3
916 52 10567 3
921 40 10388 3
928 40 11017 3
933 40 10388 3
938 40 2018 3
940 40 10527 3
944 40 10387 3
949 40 10527 3
952 40 10392 3
955 40 10527 3
958 40 10392 3
960 40 10527 3
963 40 10388 3
964 40 10526 3
966 40 10388 3
967 51 11167 3
968 40 11018 3
970 50 11147 3
971 87 10712 3
972 40 10527 3
973 89 11990 3
973 250 11187 3
975 86 11971 3
976 40 12419 3
978 40 11106 3
979 95 12071 3
979 256 11267 3
980 257 14307 3
981 63 11152 3
984 74 11910 3
984 235 11107 3
986 358 11538 3
990 381 12242 3
991 40 12676 3
992 40 10916 3
994 40 10937 3
996 40 12396 3
998 40 11922 3
999 40 12483 3
1000 108 12110 3
1000 269 11307 3
1001 99 12031 3
1001 260 11227 3
1002 40 11018 3
1004 40 10526 3
1006 40 11107 3
1007 40 11018 3
1009 40 11018 3
1013 51 11167 3
1014 40 11018 3
1016 87 10712 3
1017 40 10527 3
1018 89 11990 3
1018 250 11187 3
1020 40 12419 3
1022 40 11106 3
1023 63 11152 3
1025 74 11910 3
1025 235 11107 3
1027 358 11538 3
1030 40 10917 3
1032 40 10937 3
1035 40 10526 3
1038 40 10527 3
1041 40 10527 3
1046 40 11018 3
1048 40 10527 3
1049 89 11990 3
1049 250 11187 3
1051 40 12419 3
1053 40 11106 3
1054 63 11152 3
1056 358 11538 3
1059 40 10916 3
1060 40 10937 3
1061 52 10567 3
1062 52 10568 3
1063 40 11018 3
1065 40 10526 3
1068 40 10387 3
1072 40 10937 3
1073 40 11018 3
1075 40 10526 3
1077 40 10387 3
1081 40 10937 3
1082 40 11018 3
1084 40 10526 3
1086 40 10387 3
1089 40 11018 3
1091 40 10526 3
1094 40 11018 3
1096 40 10526 3
1100 40 10527 3
1103 40 12419 3
1104 40 11106 3
1107 40 10916 3
1108 40 11922 3
1109 40 2423 3
1110 40 2400 3
1111 40 1926 3
1113 87 717 3
1114 40 531 3
1117 40 393 3
1121 40 921 3
1122 40 942 3
1125 220 892 3
1131 79 1157 3
1132 40 10922 3
1133 54 10539 3
1138 79 1157 3
1139 79 1156 3
1140 40 10921 3
1141 40 334 3
1144 40 532 3
1146 41 1021 3
1148 40 920 3
1149 40 392 3
1150 40 921 3
1151 40 334 3
1154 40 532 3
1156 41 1022 3
1158 40 920 3
1159 40 921 3
1160 40 333 3
1162 40 921 3
1163 41 1023 3
1164 41 1022 3
1165 40 10932 3
1166 40 10927 3
9 51 1168 4
26 251 1322 4
26 264 1247 4
27 251 1326 4
27 264 1252 4
34 66 1227 4
35 66 1230 4
36 66 1230 4
41 63 1207 4
42 63 1211 4
51 72 1307 4
52 72 1311 4
59 474 1403 4
59 487 1328 4
60 474 1407 4
60 487 1332 4
64 51 1146 4
65 51 1150 4
76 67 568 4
77 67 572 4
80 372 2779 4
85 128 728 4
86 128 4727 4
87 128 731 4
91 432 1402 4
91 445 1329 4
92 432 1406 4
92 445 1333 4
93 432 1406 4
93 445 1333 4
96 40 1117 4
97 40 1120 4
103 85 1347 4
104 85 1351 4
105 85 1350 4
106 76 1267 4
107 76 1271 4
113 172 11044 4
116 223 1337 4
116 264 1248 4
121 66 1226 4
123 63 1208 4
129 83 1308 4
129 256 1268 4
134 474 1402 4
134 487 1327 4
136 51 1147 4
142 372 2780 4
146 128 727 4
148 432 1401 4
148 445 1328 4
150 40 1117 4
154 85 1346 4
155 76 1268 4
167 67 569 4
169 128 728 4
171 40 1117 4
181 40 1116 4
199 40 389 4
231 232 773 4
237 232 772 4
256 251 1327 4
256 264 1253 4
259 66 1231 4
260 63 1212 4
268 72 1312 4
271 474 1408 4
271 487 1333 4
274 51 1151 4
278 67 573 4
279 372 2783 4
283 128 732 4
285 432 1407 4
285 445 1334 4
287 40 1121 4
290 85 1352 4
291 76 1272 4
295 172 11044 4
298 251 1326 4
298 264 1252 4
300 66 1230 4
302 63 1211 4
307 72 1311 4
309 474 1407 4
309 487 1332 4
311 51 1150 4
314 67 572 4
318 432 1405 4
318 445 1332 4
321 85 1351 4
322 76 1272 4
326 172 11044 4
329 251 1326 4
329 264 1252 4
331 66 1230 4
334 72 1311 4
337 51 1150 4
343 432 1407 4
343 445 1334 4
348 66 1230 4
371 40 1121 4
372 40 1120 4
430 251 1327 4
430 264 1253 4
432 66 1231 4
433 63 1212 4
439 72 1312 4
445 51 1151 4
449 67 573 4
450 372 2783 4
454 128 732 4
455 432 1407 4
455 445 1334 4
457 40 1121 4
460 76 1272 4
465 66 1231 4
473 67 572 4
475 432 1407 4
475 445 1334 4
478 85 1351 4
483 66 1231 4
490 67 572 4
492 432 1407 4
492 445 1334 4
495 51 1172 4
498 66 1231 4
558 66 1231 4
563 51 1151 4
566 67 572 4
569 128 732 4
609 40 393 4
612 67 572 4
613 128 731 4
615 40 1121 4
631 67 573 4
632 128 732 4
633 40 1120 4
639 40 393 4
642 67 573 4
643 128 732 4
645 40 1121 4
652 40 393 4
654 67 573 4
656 40 1121 4
660 40 393 4
662 67 573 4
666 40 1120 4
676 67 572 4
679 40 1120 4
691 251 11321 4
691 264 11247 4
693 66 11226 4
695 63 11207 4
699 72 11307 4
701 40 10389 4
702 474 11402 4
702 487 11327 4
704 51 11146 4
709 67 10568 4
711 372 12779 4
714 128 10727 4
716 432 11401 4
716 445 11328 4
718 40 11117 4
721 85 11346 4
722 76 11267 4
729 172 11044 4
740 251 11331 4
740 264 11257 4
747 66 11226 4
750 63 11207 4
755 357 20628 4
762 233 10728 4
767 72 11307 4
782 54 10567 4
789 51 11146 4
797 67 10578 4
801 128 10728 4
803 432 11411 4
803 445 11338 4
805 40 11117 4
813 85 11346 4
814 398 11117 4
817 76 11267 4
822 172 11044 4
838 66 11236 4
850 233 10727 4
855 49 10572 4
869 54 10566 4
883 67 10568 4
885 128 10727 4
887 40 11117 4
893 398 11117 4
909 67 10568 4
910 128 10728 4
911 40 11126 4
925 67 10568 4
926 128 10727 4
936 128 10727 4
946 128 10727 4
973 66 11226 4
975 63 11207 4
979 72 11307 4
981 40 10389 4
982 474 11402 4
982 487 11327 4
984 51 11146 4
989 67 10568 4
990 372 12779 4
993 128 10727 4
995 432 11401 4
995 445 11328 4
997 40 11117 4
1000 85 11346 4
1001 76 11267 4
1018 66 11226 4
1023 40 10389 4
1025 51 11146 4
1029 67 10568 4
1031 128 10727 4
1033 40 11116 4
1049 66 11226 4
1054 40 10389 4
1058 67 10568 4
1071 67 10568 4
1080 67 10568 4
1088 67 10568 4
1101 251 11321 4
1101 264 11247 4
1123 40 1121 4
1127 232 4728 4
1131 56 394 4
1134 232 4728 4
1138 56 394 4
1139 56 393 4
1143 232 768 4
1153 232 768 4
26 223 1338 5
27 223 1342 5
59 446 1419 5
60 446 1423 5
91 404 1418 5
92 404 1422 5
93 404 1422 5
129 72 1308 5
134 446 1418 5
148 404 1417 5
256 223 1343 5
271 446 1424 5
285 404 1423 5
298 223 1342 5
309 446 1423 5
318 404 1421 5
329 223 1342 5
343 404 1423 5
430 223 1343 5
455 404 1423 5
475 404 1423 5
492 404 1423 5
691 223 11337 5
702 446 11418 5
716 404 11417 5
740 223 11347 5
803 404 11427 5
982 446 11418 5
995 404 11417 5
1101 223 11337 5
